2 0.0615423 0.930224 0.0077492 0.00048376 3.52455e-07 0 0 0 0 0 
3 0.950484 0.0268231 0.0215769 0.00111401 2.11606e-06 0 0 0 0 0 
4 0.258622 0.740319 0.00105673 2.50045e-06 5.99745e-07 0 0 0 0 0 
5 0.323836 0.674067 0.00204899 4.68904e-05 1.33936e-06 0 0 0 0 0 
6 0.203915 0.795689 0.000313115 4.25948e-05 2.17413e-05 7.06323e-06 4.62435e-06 1.76144e-06 4.24388e-06 1.06271e-06 
7 0.41673 0.580733 0.00252931 6.34718e-06 1.01596e-06 0 0 0 0 0 
8 0.755299 0.23329 0.00924049 0.00216713 2.94371e-06 0 0 0 0 0 
9 0.470373 0.529568 5.37439e-05 4.00131e-06 2.08869e-06 0 0 0 0 0 
10 0.321228 0.675023 0.00372964 7.10353e-06 7.10387e-06 3.51484e-06 0 1.77088e-06 0 0 
11 0.380132 0.61787 0.00176815 0.000104517 6.13286e-05 1.58316e-05 2.01375e-05 7.42172e-06 1.00527e-05 9.99879e-06 
12 0.287064 0.712818 0.000110584 4.85721e-06 2.53546e-06 0 0 0 0 0 
13 0.268481 0.728986 0.00250953 8.68647e-06 8.68819e-06 4.29873e-06 0 2.16583e-06 0 0 
14 0.17013 0.829409 0.000293561 8.23731e-05 3.64774e-05 2.57892e-05 1.67881e-05 2.08867e-06 2.10412e-06 2.09797e-06 
15 0.503129 0.496706 0.00015749 5.09326e-06 2.65868e-06 0 0 0 0 0 
16 0.827772 0.172175 4.53949e-05 5.92069e-06 1.42468e-06 0 0 0 0 0 
17 0.139548 0.859446 0.000712465 0.000136518 7.67779e-05 3.72163e-05 1.82763e-05 8.48632e-06 1.13961e-05 4.97073e-06 
18 0.282816 0.713735 0.00341725 1.13639e-05 1.13662e-05 5.62375e-06 0 2.83341e-06 0 0 
19 0.254037 0.745698 0.000169534 5.08425e-05 2.23224e-05 1.27536e-05 0 3.18871e-06 3.18918e-06 3.18845e-06 
20 0.220008 0.777763 0.00169638 0.000248965 0.000128078 4.82989e-05 7.26307e-05 1.50052e-05 1.31881e-05 6.73766e-06 
21 0.246433 0.748632 0.00492436 7.09626e-06 3.70415e-06 0 0 0 0 0 
22 0.339915 0.201429 0.458054 0.000317193 0.000156929 6.36147e-05 2.59358e-05 1.28302e-05 1.75843e-05 8.4653e-06 
23 0.17984 0.819839 0.000205016 6.1392e-05 2.69541e-05 1.53999e-05 0 3.85034e-06 3.85092e-06 3.85003e-06 
24 0.358713 0.414188 0.226671 0.000204557 0.000109154 5.291e-05 2.59833e-05 1.20649e-05 1.62016e-05 7.06683e-06 
25 0.15948 0.117667 0.719724 9.20012e-05 0.00299642 3.7111e-05 0 3.6271e-06 0 0 
26 0.550227 0.448656 0.00110479 8.33301e-06 4.34983e-06 0 0 0 0 0 
27 0.23046 0.765737 0.00352289 0.000137724 6.09839e-05 4.31151e-05 2.80668e-05 3.4919e-06 3.51772e-06 3.50745e-06 
28 0.271521 0.727183 0.00084062 0.000241596 5.47891e-05 0.000123124 0 3.55718e-05 0 0 
29 0.619906 0.362307 0.0144596 7.30534e-05 3.09691e-05 0.0032108 0 4.26859e-06 4.26923e-06 4.26824e-06 
30 0.1342 0.864611 0.000576248 0.000269115 0.000123157 0.000136318 2.5662e-05 3.47617e-05 1.17685e-05 1.17077e-05 
31 0.123319 0.875563 0.000604752 0.000233852 0.00013722 3.54225e-05 4.50569e-05 1.66058e-05 2.24925e-05 2.23719e-05 
32 0.100126 0.899789 7.2236e-05 1.04412e-05 2.51244e-06 0 0 0 0 0 
33 0.558255 0.441428 0.0003026 9.56103e-06 4.99086e-06 0 0 0 0 0 
34 0.407041 0.580279 0.0126648 1.07069e-05 5.04395e-06 0 0 0 0 0 
35 0.143851 0.847524 0.00509086 0.00293766 0.000358352 0.000147106 2.76928e-05 3.75127e-05 1.26998e-05 1.26342e-05 
36 0.664215 0.300511 0.0352216 2.16116e-05 1.76946e-05 8.75492e-06 0 4.41098e-06 0 0 
37 0.39022 0.6091 0.000531673 7.8609e-05 3.45132e-05 1.97187e-05 0 4.93014e-06 4.93088e-06 4.92974e-06 
38 0.155136 0.835842 0.00900581 1.28642e-05 2.81698e-06 0 0 0 0 0 
39 0.213308 0.783662 0.0021285 0.000421157 0.000216661 8.17039e-05 0.000122864 2.53833e-05 2.23093e-05 1.13976e-05 
40 0.291256 0.70666 0.00119426 0.000483468 0.000222948 7.40234e-05 7.58003e-05 8.23426e-06 8.39674e-06 1.67929e-05 
41 0.66391 0.334898 0.000864061 0.000168287 8.58976e-05 2.79061e-05 1.82703e-05 6.95927e-06 1.67671e-05 4.19867e-06 
42 0.0850981 0.87995 0.0293809 0.000556928 0.000219515 0.00467976 3.50012e-05 4.74024e-05 1.60479e-05 1.5965e-05 
43 0.129305 0.866195 0.00386451 0.000295598 0.000166235 8.05786e-05 3.95708e-05 1.83741e-05 2.46741e-05 1.07623e-05 
44 0.0905844 0.907226 0.00154532 0.000299706 0.000168554 8.17029e-05 4.0123e-05 1.86304e-05 2.50184e-05 1.09125e-05 
45 0.208357 0.791121 0.000333537 0.000100014 4.39111e-05 2.50882e-05 0 6.27262e-06 6.27356e-06 6.27211e-06 
46 0.667579 0.33102 0.00104754 0.000181233 9.25052e-05 3.00527e-05 1.96757e-05 7.4946e-06 1.80569e-05 4.52164e-06 
47 0.143068 0.841892 0.0141699 0.000362872 0.000280559 0.000120356 7.07492e-05 1.78925e-05 1.78686e-05 0 
48 0.146061 0.851571 0.00138262 0.000535607 0.000246992 8.20063e-05 8.39748e-05 9.12226e-06 9.30227e-06 1.86039e-05 
49 0.125592 0.87225 0.0011535 0.000546319 0.000251931 8.36464e-05 8.56543e-05 9.30471e-06 9.48832e-06 1.8976e-05 
50 0.170266 0.823972 0.0053048 0.000225411 9.89839e-05 6.99808e-05 4.55556e-05 5.66776e-06 5.70967e-06 5.693e-06 
51 0.356077 0.635562 0.0071903 0.000616117 0.000305096 0.000123677 5.04234e-05 2.49439e-05 3.41868e-05 1.64579e-05 
52 0.132062 0.866554 0.000909932 0.000232888 0.00010313 7.2912e-05 4.74637e-05 5.90515e-06 5.94882e-06 5.93145e-06 
53 0.69211 0.307265 0.000411137 0.00011392 5.00164e-05 2.85764e-05 0 7.14475e-06 7.14582e-06 7.14417e-06 
54 0.640446 0.31028 0.0479898 0.00109237 0.000102893 3.34276e-05 2.18853e-05 8.33624e-06 2.00847e-05 5.02942e-06 
55 0.308084 0.691296 0.000396032 0.000119011 5.22518e-05 2.98535e-05 0 7.46407e-06 7.46519e-06 7.46346e-06 
56 0.085288 0.912066 0.00186676 0.000362004 0.000203591 9.86861e-05 4.84632e-05 2.25031e-05 3.02188e-05 1.31808e-05 
57 0.150846 0.84661 0.00246721 2.79171e-05 2.79227e-05 1.38156e-05 0 6.96068e-06 0 0 
58 0.389928 0.609811 0.000236951 1.58424e-05 8.26974e-06 0 0 0 0 0 
59 0.202894 0.791895 0.00386191 0.000709794 0.000351485 0.000142482 5.80902e-05 2.87366e-05 3.93848e-05 1.89603e-05 
60 0.133754 0.864243 0.00107884 0.000421215 0.000247162 6.38031e-05 8.11567e-05 2.99104e-05 4.05136e-05 4.02963e-05 
61 0.278348 0.721403 0.000224107 1.66152e-05 8.67314e-06 0 0 0 0 0 
62 0.478934 0.520377 0.000443469 0.000130693 5.73808e-05 3.27839e-05 0 8.19674e-06 8.19797e-06 8.19607e-06 
63 0.101477 0.884409 0.0140323 2.96922e-05 2.96358e-05 1.46631e-05 0 7.38772e-06 0 0 
64 0.48392 0.514435 0.00118264 0.000237084 0.000121013 3.93142e-05 2.57393e-05 9.80426e-06 2.36216e-05 5.9151e-06 
65 0.182113 0.43408 0.383335 0.000245098 0.000121779 3.95631e-05 2.59022e-05 9.86631e-06 2.37711e-05 5.95254e-06 
66 0.957222 0.0347397 0.00120073 0.000240104 0.00242996 0.00410013 2.77725e-05 9.92915e-06 2.39225e-05 5.99046e-06 
67 0.233109 0.766125 0.000500904 0.00014108 6.19409e-05 3.53892e-05 0 8.84813e-06 8.84946e-06 8.84741e-06 
68 0.195992 0.801134 0.00151545 0.000738269 0.000340448 0.000113036 0.000115749 1.25739e-05 1.28221e-05 2.56432e-05 
69 0.127075 0.861714 0.010242 0.000450607 0.000253421 0.00012284 6.03248e-05 2.80108e-05 3.7615e-05 1.64069e-05 
70 0.664982 0.225223 0.073849 0.000462257 0.02102 0.000334929 6.03248e-05 0.000411798 0.0136398 1.64704e-05 
71 0.315085 0.674781 0.00887755 0.000523863 0.000405032 0.000173753 0.000102138 2.58307e-05 2.57961e-05 0 
72 0.407436 0.560313 0.0305787 0.000891826 0.000429314 0.000174032 7.0953e-05 3.50997e-05 4.81057e-05 2.31586e-05 
73 0.553757 0.381818 0.0493986 0.00746089 0.00737574 0.00010019 6.52199e-05 8.11427e-06 8.17427e-06 8.15041e-06 
74 0.391875 0.510948 0.0968863 0.00015459 6.77759e-05 3.8723e-05 0 9.68166e-06 9.6831e-06 9.68087e-06 
75 0.528216 0.45478 0.0017645 0.0149768 0.000141503 4.5963e-05 3.00923e-05 1.14623e-05 2.76164e-05 6.91545e-06 
76 0.378966 0.610627 0.00986146 0.00028092 0.000142526 4.63034e-05 3.03152e-05 1.15472e-05 2.7821e-05 6.96668e-06 
77 0.143139 0.856039 0.000525101 0.0001578 6.9282e-05 3.95835e-05 0 9.8968e-06 9.89828e-06 9.896e-06 
78 0.400829 0.587213 0.00292202 0.000511403 0.000317561 0.00804147 7.2961e-05 3.17901e-05 4.26901e-05 1.86205e-05 
79 0.240752 0.756117 0.00197333 0.000614619 0.000139383 0.000313227 0 9.04946e-05 0 0 
80 0.281841 0.710084 0.00662414 0.000604785 0.000467598 0.000200593 0.000117915 2.98208e-05 2.97809e-05 0 
81 0.685024 0.314622 0.000320044 2.23352e-05 1.1659e-05 0 0 0 0 0 
82 0.25943 0.738512 0.00130996 0.000367616 0.000162792 0.000115092 7.4922e-05 9.32135e-06 9.39028e-06 9.36287e-06 
83 0.460268 0.100862 0.428873 0.00912966 0.000479288 0.000205608 0.000120863 3.05663e-05 3.05254e-05 0 
84 0.151486 0.84642 0.00133276 0.000373794 0.000165528 0.000117027 7.61812e-05 9.47801e-06 9.5481e-06 9.52022e-06 
85 0.740613 0.106416 0.0289584 0.0919359 0.0316565 0.000211981 8.34741e-05 4.12937e-05 5.6595e-05 2.72455e-05 
86 0.456632 0.476452 0.0649611 0.00102869 0.000509355 0.000206478 8.41815e-05 4.16437e-05 5.70746e-05 2.74764e-05 
87 0.272095 0.262691 0.445626 0.0100084 0.00917478 0.000214547 0.000126118 3.18953e-05 3.18526e-05 0 
88 0.295389 0.478529 0.225932 7.5047e-05 4.2749e-05 2.11513e-05 0 1.06566e-05 0 0 
89 0.632151 0.319145 0.00213296 0.0424429 0.00374194 9.62847e-05 0.000122473 4.51376e-05 6.11387e-05 6.08108e-05 
90 0.25697 0.739121 0.00206482 0.00100242 0.00046226 0.00015348 0.000157164 1.70729e-05 1.74098e-05 3.48183e-05 
91 0.414046 0.566505 0.0194052 3.10464e-05 1.31703e-05 0 0 0 0 0 
92 0.137126 0.854676 0.00606247 0.00112384 0.000556518 0.000225596 9.19761e-05 4.54996e-05 6.23593e-05 3.00205e-05 
93 0.43793 0.549302 0.0113463 0.000648887 0.000379897 9.80678e-05 0.000124741 4.59734e-05 6.22709e-05 6.1937e-05 
94 0.380357 0.578236 0.0288793 0.0117211 0.0004024 0.00010087 0.000128305 4.7287e-05 6.40501e-05 6.37066e-05 
95 0.355309 0.6366 0.00661573 0.000672324 0.000394508 0.00010184 0.000129539 4.77417e-05 6.4666e-05 6.43192e-05 
96 0.173584 0.814763 0.010782 0.000427712 0.000189402 0.000133906 8.71689e-05 1.0845e-05 1.09252e-05 1.08933e-05 
97 0.354968 0.639916 0.00440157 0.000365984 0.000186807 6.0689e-05 3.97335e-05 1.51347e-05 3.64644e-05 9.13108e-06 
98 0.559894 0.397106 0.0291491 0.0131228 0.000355625 0.000172217 8.4573e-05 3.92701e-05 5.27348e-05 2.30018e-05 
99 0.283743 0.702848 0.0126773 0.000376998 0.000190506 6.18907e-05 4.05203e-05 1.54344e-05 3.71864e-05 9.3119e-06 
100 0.402381 0.584922 0.0119362 0.00040295 0.000192411 6.25097e-05 4.09255e-05 1.55888e-05 3.75583e-05 9.40501e-06 
101 0.867703 0.128269 0.00389509 4.82967e-05 4.83063e-05 2.39009e-05 0 1.2042e-05 0 0 
102 0.194851 0.719159 0.0845889 0.000651708 0.000366053 0.000177436 8.71358e-05 4.04601e-05 5.43328e-05 2.36989e-05 
103 0.312677 0.673278 0.0130921 0.000468227 0.000207345 0.000146591 9.5427e-05 1.18725e-05 1.19603e-05 1.19253e-05 
104 0.583354 0.232471 0.0916064 0.088959 0.00333181 0.000146613 9.5427e-05 1.18725e-05 1.19602e-05 1.19253e-05 
105 0.172624 0.706277 0.120952 5.37497e-05 5.36737e-05 2.65566e-05 0 1.338e-05 0 0 
106 0.730352 0.168257 0.0691728 0.0309669 0.000692547 0.000276868 0.00011288 5.58404e-05 7.65319e-05 3.68433e-05 
107 0.231932 0.764377 0.00280593 0.000454173 0.00023182 7.53128e-05 4.93079e-05 1.87817e-05 4.5251e-05 1.13313e-05 
108 0.368816 0.472509 0.156194 0.0013623 0.000614467 0.000204016 0.000208913 2.26944e-05 2.31422e-05 4.62828e-05 
109 0.21599 0.769043 0.013833 0.000572126 0.000240217 0.000169832 0.000110556 1.37547e-05 1.38564e-05 1.38159e-05 
110 0.400568 0.135961 0.434405 0.0281221 0.000469577 0.000219577 0.000107831 5.00693e-05 6.72368e-05 2.93273e-05 
111 0.244582 0.678214 0.0762767 0.0004797 0.000240513 7.81371e-05 5.11569e-05 1.9486e-05 4.69479e-05 1.17563e-05 
112 0.245389 0.319676 0.431921 0.00163008 0.000760809 0.00030841 0.000125739 6.2202e-05 8.52507e-05 4.10406e-05 
113 0.697708 0.148977 0.13871 0.000855532 0.0132621 0.000225211 0.000110595 5.13532e-05 6.89608e-05 3.00793e-05 
114 0.207629 0.153724 0.631188 0.00606111 0.000630539 0.000237779 0.000357567 7.38719e-05 6.49259e-05 3.317e-05 
115 0.466044 0.419058 0.111901 0.00157814 0.000780571 0.000316421 0.000129005 6.38176e-05 8.7465e-05 4.21066e-05 
116 0.288561 0.69501 0.0152371 0.000585319 0.000259181 0.000183239 0.000119284 1.48406e-05 1.49503e-05 1.49067e-05 
117 0.170817 0.146102 0.680717 0.000995566 0.00075677 0.000324644 0.000190837 4.82626e-05 4.81981e-05 0 
118 0.481643 0.514799 0.00257777 0.000502618 0.000256548 8.33462e-05 5.45674e-05 2.0785e-05 5.00777e-05 1.254e-05 
119 0.347522 0.649157 0.0021134 0.000593087 0.000262637 0.000185682 0.000120874 1.50385e-05 1.51496e-05 1.51054e-05 
120 0.431728 0.514216 0.0387608 0.000965305 0.000725193 0.0134337 0.000124507 1.54505e-05 1.55647e-05 1.55193e-05 
121 0.339273 0.657094 0.00261241 0.000523561 0.000267237 8.6819e-05 5.6841e-05 2.16511e-05 5.21643e-05 1.30625e-05 
122 0.578427 0.35593 0.0627668 0.00160093 0.000699809 0.000232351 0.000237929 2.58464e-05 2.63564e-05 5.2711e-05 
123 0.335747 0.640404 0.0071236 0.0151898 0.000692752 0.000261222 0.00039282 8.1155e-05 7.1327e-05 3.64403e-05 
124 0.158526 0.837587 0.00259348 0.00063545 0.000281397 0.000198945 0.000129508 1.61126e-05 1.62318e-05 1.61844e-05 
125 0.260894 0.737511 0.00102292 0.000304329 0.000133615 7.63397e-05 0 1.90867e-05 1.90895e-05 1.90851e-05 
126 0.418544 0.577811 0.00235068 0.00063545 0.000281397 0.000198945 0.000129508 1.61126e-05 1.62318e-05 1.61844e-05 
127 0.344167 0.645441 0.00981214 0.00030874 0.000135552 7.74461e-05 0 1.93633e-05 1.93662e-05 1.93617e-05 
128 0.327887 0.650795 0.00481728 0.000934035 0.0150032 0.0002692 0.000125021 5.80514e-05 7.79558e-05 3.40027e-05 
129 0.140591 0.855617 0.00272611 0.000546324 0.000278856 9.05937e-05 5.93124e-05 2.25924e-05 5.44323e-05 1.36305e-05 
130 0.430031 0.566226 0.00241033 0.00065414 0.000289673 0.000204797 0.000133317 1.65865e-05 1.67092e-05 1.66604e-05 
131 0.15726 0.836508 0.0060344 7.20846e-05 7.2099e-05 3.5673e-05 0 1.79731e-05 0 0 
132 0.760263 0.18049 0.0591653 6.02682e-05 2.12298e-05 0 0 0 0 0 
133 0.552552 0.209645 0.20916 0.0270888 0.000860341 0.000368253 0.000216471 5.47456e-05 5.46724e-05 0 
134 0.212037 0.78387 0.00294361 0.000589006 0.000300642 9.76713e-05 6.39462e-05 2.43574e-05 5.86848e-05 1.46953e-05 
135 0.372986 0.22821 0.394763 0.00233328 0.000939124 0.000380694 0.00015521 7.67805e-05 0.000105231 5.06595e-05 
136 0.251294 0.744814 0.00247715 0.000695023 0.000307778 0.000217597 0.000141649 1.76232e-05 1.77535e-05 1.77017e-05 
137 0.412952 0.499597 0.0411559 0.028984 0.0165426 0.000380694 0.00015521 7.67805e-05 0.000105231 5.06595e-05 
138 0.675482 0.0786365 0.0284861 0.215754 0.00104966 0.000274471 0.000134788 6.25867e-05 8.4046e-05 3.66592e-05 
139 0.471578 0.521607 0.00362396 0.00173435 0.000799782 0.000265544 0.000271919 2.95388e-05 3.01216e-05 6.02412e-05 
140 0.367295 0.62815 0.0033691 0.000608006 0.00031034 0.000100822 6.60089e-05 2.51432e-05 6.05779e-05 1.51694e-05 
141 0.233319 0.759723 0.00549713 0.000717444 0.000317706 0.000224616 0.000146219 1.81917e-05 1.83262e-05 1.82727e-05 
142 0.671656 0.304132 0.0230254 0.000608027 0.00031034 0.000100822 6.60089e-05 2.51432e-05 6.05779e-05 1.51694e-05 
143 0.677395 0.298243 0.00569657 0.0174498 0.000594086 0.000287969 0.000141417 6.56647e-05 8.81795e-05 3.84621e-05 
144 0.0649586 0.923496 0.00903082 0.00114626 0.000672604 0.000173628 0.000220853 8.13956e-05 0.00011025 0.000109659 
145 0.472048 0.42619 0.0979038 0.00203631 0.00100173 0.000406074 0.000165557 8.18992e-05 0.000112247 5.40368e-05 
146 0.171301 0.777883 0.0505949 8.10128e-05 8.05105e-05 3.98349e-05 0 2.007e-05 0 0 
147 0.232112 0.745598 0.00712631 0.0145567 0.000326262 0.000105949 6.93653e-05 2.64216e-05 6.36581e-05 1.59407e-05 
148 0.377811 0.570079 0.0472995 0.00289295 0.00105445 0.000427446 0.00017427 8.62097e-05 0.000118154 5.68809e-05 
149 0.266109 0.719575 0.0107263 0.00167724 0.000862843 0.000325382 0.000489302 0.000101088 8.88459e-05 4.53906e-05 
150 0.326889 0.612153 0.0584886 0.00116795 0.000635776 0.000308178 0.000151341 7.02728e-05 9.43675e-05 4.11612e-05 
151 0.3509 0.450667 0.197709 0.0003904 0.000167019 9.54246e-05 0 2.38584e-05 2.38619e-05 2.38564e-05 
152 0.467752 0.318229 0.0429066 0.150447 0.00128581 0.018882 0.000179839 0.000189609 6.41917e-05 6.386e-05 
153 0.333964 0.637761 0.0280292 8.94383e-05 8.94561e-05 4.4261e-05 0 2.23e-05 0 0 
154 0.267689 0.661407 0.0692239 0.000825988 0.000364774 0.000257892 0.000167881 2.08867e-05 2.10412e-05 2.09798e-05 
155 0.345058 0.620074 0.0168802 0.0171337 0.000365519 0.000257892 0.000167881 2.08867e-05 2.10412e-05 2.09798e-05 
156 0.363822 0.631478 0.00299184 0.000839274 0.000371656 0.000262758 0.000171048 2.12808e-05 2.14382e-05 2.13756e-05 
157 0.229565 0.404825 0.35724 0.0062736 0.000945808 0.000356669 0.00053635 0.000110808 9.73888e-05 4.97551e-05 
158 0.381929 0.608769 0.00663627 0.00123917 0.000696908 0.00033781 0.000165893 7.70298e-05 0.000103441 4.5119e-05 
159 0.387343 0.604479 0.00431082 0.00210123 0.000968967 0.000321717 0.00032944 3.57873e-05 3.64935e-05 7.29845e-05 
160 0.688907 0.239248 0.0679032 0.00184502 0.000945809 0.000356669 0.00053635 0.000110808 9.73888e-05 4.97551e-05 
161 0.295457 0.551308 0.128594 0.0228055 0.00100781 0.000334586 0.000342617 3.72188e-05 3.79533e-05 7.59039e-05 
162 0.410888 0.583879 0.00376203 0.000753927 0.000384821 0.000125019 8.18511e-05 3.11775e-05 7.51166e-05 1.881e-05 
163 0.227535 0.767034 0.00358276 0.000907786 0.000401996 0.000284208 0.000185011 2.3018e-05 2.31882e-05 2.31205e-05 
164 0.48286 0.261572 0.254032 0.000788874 0.000400856 0.000130228 8.52615e-05 3.24766e-05 7.82465e-05 1.95938e-05 
165 0.322957 0.660899 0.00582015 0.00337933 0.00196074 0.00236197 0.00262258 0 0 0 
166 0.138067 0.795527 0.0630524 0.00157762 0.000872954 0.000225347 0.000286638 0.000105641 0.000143091 0.000142323 
167 0.607997 0.386433 0.00400543 0.00080205 0.000409384 0.000132999 8.70756e-05 3.31676e-05 7.99113e-05 2.00107e-05 
168 0.0884711 0.687955 0.221452 0.00112054 0.000428213 0.000302743 0.000197077 2.45192e-05 2.47005e-05 2.46284e-05 
169 0.424576 0.573012 0.00154307 0.000463109 0.000203328 0.000116169 0 2.9045e-05 2.90493e-05 2.90426e-05 
170 0.32763 0.194011 0.475209 0.0016745 0.000378759 0.000851161 0 0.000245909 0 0 
171 0.278769 0.715414 0.0041835 0.000837697 0.000427579 0.00013891 9.09456e-05 3.46417e-05 8.34629e-05 2.09e-05 
172 0.351421 0.648001 0.000493256 6.868e-05 1.65263e-05 0 0 0 0 0 
173 0.220745 0.746862 0.0289033 0.00184159 0.000805316 0.000390358 0.000191699 8.90122e-05 0.000119532 5.21375e-05 
174 0.589815 0.328365 0.0369424 0.0431913 0.000824302 0.00039923 0.000196056 9.10352e-05 0.000122249 5.33224e-05 
175 0.111312 0.412411 0.410066 0.0603352 0.00481927 0.000560748 0.000329627 8.33626e-05 8.32512e-05 0 
176 0.323059 0.669385 0.00407016 0.00158913 0.000932474 0.000240712 0.000306182 0.000112844 0.000152847 0.000152027 
177 0.412151 0.444189 0.0453947 0.0755968 0.0210442 0.000900007 0.000306182 0.000112844 0.000152847 0.000152027 
178 0.432892 0.539122 0.0262403 0.000912613 0.000447467 0.000145371 9.51757e-05 3.62529e-05 8.73449e-05 2.18721e-05 
179 0.405326 0.583707 0.00629146 0.00254102 0.00117177 0.000389053 0.000398392 4.32777e-05 4.41317e-05 8.82603e-05 
180 0.58844 0.213721 0.168921 0.0031275 0.00114377 0.000516267 0.0238192 0.000134279 0.000117772 6.01689e-05 
181 0.234677 0.729976 0.0336365 0.000876667 0.000447467 0.000145371 9.51757e-05 3.62529e-05 8.73449e-05 2.18721e-05 
182 0.118315 0.881122 0.000471368 7.35858e-05 1.77067e-05 0 0 0 0 0 
183 0.288657 0.431378 0.278164 0.000947655 0.000458121 0.000148832 9.74418e-05 3.71161e-05 8.94245e-05 2.23929e-05 
184 0.118314 0.833572 0.0480221 7.36393e-05 1.77067e-05 0 0 0 0 0 
185 0.465751 0.533259 0.000889462 6.64608e-05 3.46926e-05 0 0 0 0 0 
186 0.264162 0.726465 0.0058434 0.00187384 0.000424949 0.000954961 0 0.000275898 0 0 
187 0.671653 0.085232 0.237311 0.00307113 0.0015026 0.00060911 0.000248335 0.000122849 0.00016837 8.10553e-05 
188 0.340902 0.401629 0.251968 0.0029255 0.000923675 0.00102239 0.000192465 0.000260713 8.82636e-05 8.78075e-05 
189 0.175084 0.800221 0.0202345 0.00185971 0.00143786 0.000616823 0.00036259 9.16989e-05 9.15763e-05 0 
190 0.668159 0.277922 0.0535871 0.000120807 0.000120766 5.97523e-05 0 3.0105e-05 0 0 
191 0.485768 0.440652 0.0700318 0.00169463 0.00090598 0.000439153 0.000215661 0.000100139 0.000134474 5.86547e-05 
192 0.274231 0.725178 0.000494936 7.7265e-05 1.85921e-05 0 0 0 0 0 
193 0.499502 0.472309 0.0271636 0.000546241 0.000239822 0.00013702 0 3.42582e-05 3.42633e-05 3.42554e-05 
194 0.376949 0.108763 0.449222 0.0366111 0.00127909 0.000475559 0.000715134 0.000147744 0.000138678 0.0256985 
195 0.618791 0.226205 0.120393 0.0336917 0.000493361 0.000160281 0.000104937 3.99712e-05 9.63033e-05 2.41154e-05 
196 0.261418 0.726511 0.00851761 0.00165222 0.00092921 0.000450413 0.000221191 0.000102706 0.000137922 6.01586e-05 
197 0.366995 0.573795 0.0581845 0.000546247 0.000239822 0.00013702 0 3.42582e-05 3.42633e-05 3.42554e-05 
198 0.315191 0.644419 0.0363523 0.0018405 0.00107971 0.000278719 0.000354527 0.000130661 0.000176981 0.000176031 
199 0.406898 0.476644 0.111166 0.00287536 0.00132595 0.000440245 0.000450812 4.89722e-05 4.99385e-05 9.98735e-05 
200 0.119755 0.847005 0.00512137 0.0271712 0.000510084 0.000164499 0.000107699 4.10231e-05 9.88376e-05 2.475e-05 
201 0.123963 0.841027 0.0301656 0.0021329 0.000972289 0.0010762 0.000202595 0.000274435 9.29091e-05 9.2429e-05 
202 0.60223 0.281859 0.110754 0.00237319 0.000998568 0.00110528 0.00020807 0.000281852 9.54201e-05 9.49271e-05 
203 0.24284 0.748174 0.00484022 0.00188978 0.00110889 0.000286252 0.000364108 0.000134193 0.000181764 0.000180789 
204 0.448459 0.398833 0.146729 0.00391935 0.00100664 0.000487948 0.000239623 0.000111265 0.000149415 6.51719e-05 
205 0.30936 0.629383 0.0300469 0.0288909 0.00113996 0.000294203 0.000374222 0.00013792 0.000186813 0.000185811 
206 0.199441 0.0652859 0.731423 0.00178993 0.00100664 0.000487948 0.000239623 0.000111265 0.000149415 6.51719e-05 
207 0.403195 0.552548 0.0131197 0.0246055 0.00577775 0.000397891 0.000259016 3.22252e-05 3.24635e-05 3.23688e-05 
208 0.470912 0.214212 0.31118 0.00267221 0.000549745 0.000178599 0.00011693 4.45393e-05 0.000107309 2.68715e-05 
209 0.485995 0.347604 0.0135175 0.114933 0.0365978 0.000625725 0.000503849 5.47336e-05 5.58136e-05 0.000111623 
210 0.619598 0.261536 0.11453 0.00233869 0.000512439 0.00115157 1.12855e-07 0.000332701 0 0 
211 0.678295 0.106416 0.152543 0.0308828 0.0306154 0.000311774 0.000396235 0.000146033 0.000197802 0.000196741 
212 0.571295 0.384851 0.0370692 0.00356984 0.00176776 0.0007166 0.000292159 0.000144528 0.000198082 9.53591e-05 
213 0.428753 0.560959 0.00812513 0.00110872 0.000565914 0.000183852 0.000120369 4.58493e-05 0.000110466 2.76618e-05 
214 0.61122 0.253079 0.0118603 0.0881398 0.0345473 0.000536738 0.000261407 0.00012138 0.000162998 7.10966e-05 
215 0.181874 0.294642 0.481301 0.0388667 0.00150316 0.000562024 0.000845158 0.000174606 0.000153461 7.84019e-05 
216 0.395031 0.365962 0.0209481 0.193898 0.022671 0.000738316 0.000301013 0.000148908 0.000204085 9.82488e-05 
217 0.0929285 0.899524 0.00480317 0.00134792 0.000596903 0.000422006 0.000274714 3.41783e-05 3.4431e-05 3.43305e-05 
218 0.440275 0.135709 0.380197 0.0403596 0.00158884 0.000579587 0.000871569 0.000180063 0.000158257 8.0852e-05 
219 0.567572 0.334466 0.0292482 0.0347912 0.0326278 0.000523082 0.00053534 5.81544e-05 5.9302e-05 0.0001186 
220 0.105792 0.852543 0.00569858 0.0333585 0.00128216 0.000330979 0.000421 0.00015516 0.000210164 0.000209037 
221 0.443606 0.472238 0.0798239 0.00201365 0.00113248 0.000548941 0.000269576 0.000125173 0.000168092 7.33183e-05 
222 0.222918 0.666526 0.0321819 0.0747494 0.00233058 0.00052279 0.00053534 5.81544e-05 5.9302e-05 0.0001186 
223 0.317351 0.640442 0.00970718 0.00066572 0.0315422 0.000167026 0 4.17521e-05 4.17584e-05 4.17487e-05 
224 0.322008 0.608751 0.0629581 0.00341449 0.00157457 0.00052279 0.00053534 5.81544e-05 5.9302e-05 0.0001186 
225 0.563814 0.428007 0.0058815 0.00117801 0.000601284 0.000195343 0.000127892 4.87149e-05 0.00011737 2.93907e-05 
226 0.230301 0.722083 0.0431444 0.0020786 0.00116901 0.000566649 0.000278272 0.000129211 0.000173514 7.56834e-05 
227 0.32359 0.55367 0.104176 0.00780947 0.00303598 0.00365724 0.00406077 0 0 0 
228 0.428559 0.461893 0.0767996 0.0324724 0.000159501 7.70997e-05 0 3.88451e-05 0 0 
229 0.44588 0.541514 0.0121788 0.000155796 0.000155827 7.70997e-05 0 3.88451e-05 0 0 
230 0.740097 0.204269 0.0189048 0.00207861 0.00116901 0.00057256 0.0325303 0.000129283 0.000173514 7.56835e-05 
231 0.197562 0.794403 0.00511402 0.00143489 0.000635413 0.000449232 0.000292437 3.63833e-05 3.66524e-05 3.65454e-05 
232 0.436255 0.326101 0.198073 0.0360224 0.00196073 0.000785949 0.000320433 0.000158515 0.000217252 0.000104587 
233 0.102589 0.841957 0.0488518 0.0030846 0.00158652 0.000598283 0.000899684 0.000185871 0.000163362 8.34601e-05 
234 0.268242 0.565868 0.163507 0.00122644 0.00062068 0.000201644 0.000132018 5.02863e-05 0.000121156 3.03388e-05 
235 0.262881 0.682624 0.0156351 0.00308396 0.00158675 0.0327532 0.00100257 0.000185871 0.000163362 8.34601e-05 
236 0.445195 0.541088 0.0072317 0.00352464 0.00162536 0.000539655 0.000552609 6.00304e-05 6.1215e-05 0.000122426 
237 0.200633 0.723935 0.0695371 0.00320223 0.00132351 0.000341655 0.000434581 0.000160166 0.000216944 0.00021578 
238 0.30937 0.673817 0.0121939 0.00214789 0.00120797 0.000585538 0.000287548 0.000133518 0.000179298 7.82062e-05 
239 0.118468 0.517781 0.363751 0 0 0 0 0 0 0 
240 0.101465 0.885535 0.0125588 0.000160989 0.000161021 7.96697e-05 0 4.01399e-05 0 0 
241 0.211783 0.741029 0.046746 0.000161027 0.000161021 7.96697e-05 0 4.01399e-05 0 0 
242 0.186529 0.80427 0.00674897 0.00125655 0.000641369 0.000208366 0.000136418 5.19626e-05 0.000125194 3.135e-05 
243 0.210868 0.557548 0.214706 0.0132351 0.00200346 0.000812147 0.000331114 0.000163798 0.000224493 0.000108074 
244 0.0998553 0.82411 0.0692863 0.0036883 0.00167954 0.000557643 0.000571029 6.20314e-05 6.32554e-05 0.000126506 
245 0.548993 0.436343 0.00772984 0.00376772 0.00173746 0.000576872 0.00059072 6.41704e-05 6.54367e-05 0.000130869 
246 0.316623 0.565261 0.0150416 0.0650551 0.0365153 0.00065292 0.00059072 6.41704e-05 6.54367e-05 0.000130869 
247 0.536953 0.414413 0.0484907 9.40093e-05 4.90481e-05 0 0 0 0 0 
248 0.274702 0.606925 0.01012 0.104697 0.00212768 0.000576872 0.00059072 6.41704e-05 6.54367e-05 0.000130869 
249 0.208096 0.689586 0.0676015 0.00021051 0.0345061 0 0 0 0 0 
250 0.212646 0.736887 0.0109939 0.00264922 0.00060079 0.00135012 2.24902e-05 0.0348504 0 0 
251 0.291802 0.660569 0.0331479 0.0115009 0.00146532 0.000378261 0.000481143 0.000177326 0.000240188 0.0002389 
252 0.497829 0.402422 0.0957728 0.00397707 0 0 0 0 0 0 
253 0.566058 0.429689 0.00282443 0.000760823 0.000334038 0.000190849 0 4.77167e-05 4.77239e-05 4.77128e-05 
254 0.538751 0.329583 0.124321 0.00345139 0.0017565 0.000662385 0.000996079 0.000205786 0.000180865 9.24023e-05 
255 0.264399 0.29676 0.345527 0.0916669 0.000704794 0.000497364 0.00032377 4.02816e-05 4.05794e-05 4.0461e-05 
256 0.546715 0.213503 0.223182 0.0133208 0.00179951 0.000597475 0.000611817 6.64622e-05 6.77737e-05 0.000135543 
257 0.248388 0.619483 0.127179 0.00230174 0.00129426 0.000627362 0.000308087 0.000143055 0.000192105 8.37924e-05 
258 0.179022 0.465272 0.303393 0.0444652 0.00618732 0.000881176 0.000517985 0.000130998 0.000130823 0 
259 0.193286 0.694081 0.078878 0.0330871 0.00033405 0.000190849 0 4.77167e-05 4.77239e-05 4.77128e-05 
260 0.60487 0.208114 0.0425243 0.142838 0.000710485 0.000497364 0.00032377 4.02816e-05 4.05794e-05 4.0461e-05 
261 0.503726 0.482475 0.00863045 0.00274384 0.000622247 0.00139834 1.37038e-07 0.000403994 0 0 
262 0.470056 0.341658 0.110794 0.0757729 0.000775716 0.000497364 0.00032377 4.02816e-05 4.05794e-05 4.0461e-05 
263 0.430002 0.449796 0.118815 0.00108552 0.000172523 8.53604e-05 0 4.30071e-05 0 0 
264 0.471879 0.283056 0.123992 0.0921851 0.0271309 0.000870162 0.000354765 0.000175498 0.000240529 0.000115793 
265 0.229423 0.753141 0.0123032 0.00238655 0.00134219 0.000650597 0.000319498 0.000148354 0.00019922 8.68958e-05 
266 0.447652 0.499504 0.0124524 0.038684 0.0007296 0.000515785 0.000335762 4.17735e-05 4.20824e-05 4.19595e-05 
267 0.34174 0.508896 0.146641 0.00139646 0.000712632 0.000231517 0.000151576 5.77362e-05 0.000139105 3.48334e-05 
268 0.225683 0.748897 0.0178405 0.00354084 0.00182156 0.000686918 0.00103297 0.000213408 0.000187564 9.58246e-05 
269 0.308961 0.638096 0.00845979 0.00405251 0.0373362 0.00218083 0.000634477 6.89238e-05 7.02838e-05 0.000140563 
270 0.0832124 0.289454 0.430686 0.0996362 0.0954396 0.000392271 0.000498963 0.000183894 0.000249084 0.000247748 
271 0.223857 0.343883 0.342156 0.0865731 0.00193793 0.000643434 0.00065888 7.15747e-05 7.29871e-05 0.000145969 
272 0.313143 0.555791 0.123321 0.00421381 0.00193793 0.000643434 0.00065888 7.15747e-05 7.29871e-05 0.000145969 
273 0.267809 0.56838 0.083404 0.00171087 0.000768732 0.0774469 0.000349377 4.33801e-05 4.37009e-05 4.35733e-05 
274 0.411514 0.43928 0.140326 0.00467614 0.00231169 0.000937093 0.000382054 0.000188998 0.000259031 0.0001247 
275 0.31527 0.569867 0.0695485 0.0413133 0.00221224 0.000948959 0.00055783 0.000141075 0.000140887 0 
276 0.274645 0.145861 0.393993 0.182889 0.000670138 0.0015059 1.4758e-07 0.00043507 0 0 
277 0.367198 0.312389 0.238203 0.0808316 0.000740253 0.000240422 0.000157406 5.99568e-05 0.000144455 3.61731e-05 
278 0.428769 0.507254 0.0178749 0.0404018 0.00400257 0.000423653 0.00053888 0.000198605 0.000269011 0.000267568 
279 0.246239 0.734928 0.0132881 0.00257747 0.00144957 0.000702645 0.000345058 0.000160222 0.000215158 9.38475e-05 
280 0.30879 0.689471 0.00157335 0.000108996 5.68958e-05 0 0 0 0 0 
281 0.491906 0.406898 0.0931292 0.00439472 0.00201545 0.000669172 0.000685235 7.44377e-05 7.59065e-05 0.000151808 
282 0.401498 0.531048 0.0192687 0.00384598 0.0419454 0.000741871 0.00111561 0.00023048 0.000202569 0.000103491 
283 0.27687 0.707325 0.0152748 0.000193187 0.000193225 9.56037e-05 0 4.81679e-05 0 0 
284 0.163715 0.808832 0.0192675 0.00382411 0.00196728 0.000741871 0.00111561 0.00023048 0.000202569 0.000103491 
285 0.217215 0.772027 0.00698457 0.0018534 0.000820741 0.000580258 0.000377732 4.69952e-05 4.73427e-05 4.72045e-05 
286 0.150441 0.735814 0.07353 0.0398281 0.000237061 9.95872e-05 0 5.01749e-05 0 0 
287 0.266546 0.555215 0.0477792 0.128966 0.000801816 0.000260457 0.000170523 6.49532e-05 0.000156493 3.91876e-05 
288 0.297031 0.601687 0.0426388 0.0548085 0.00210853 0.000697054 0.000713786 7.75392e-05 7.90693e-05 0.000158133 
289 0.448558 0.25108 0.250306 0.0045667 0.0437647 0.000697054 0.000713786 7.75392e-05 7.90693e-05 0.000158133 
290 0.333631 0.313733 0.218745 0.0462739 0.0520647 0.0345035 0.000320789 0.000434522 0.000147106 0.000146346 
291 0.611828 0.249483 0.0456222 0.00546341 0.0846722 0.00188234 0.000320775 0.000434522 0.000147106 0.000146346 
292 0.34962 0.401976 0.0699211 0.164592 0.00392219 0.00472393 0.00524516 0 0 0 
293 0.0450888 0.943883 0.00725483 0.0018534 0.000820741 0.000580258 0.000377732 4.69952e-05 4.73426e-05 4.72044e-05 
294 0.296815 0.511159 0.112034 0.0745492 0.00475119 0.000260457 0.000170523 6.49532e-05 0.000156493 3.91876e-05 
295 0.522327 0.22651 0.238347 0.00933902 0.00170954 0.000441305 0.000561334 0.000206881 0.000280219 0.000278716 
296 0.416505 0.563295 0.0118227 0.00455266 0.00209943 0.000697054 0.000713786 7.75392e-05 7.90693e-05 0.000158133 
297 0.128875 0.842528 0.0200703 0.00398345 0.00204925 0.000772783 0.00116209 0.000240084 0.000211009 0.000107803 
298 0.30226 0.550983 0.0972289 0.00282568 0.00157562 0.0136364 0.0309711 0.000183718 0.000233867 0.000102008 
299 0.181037 0.796306 0.0166304 0.0028016 0.00157562 0.000763745 0.000375063 0.000174154 0.000233867 0.000102008 
300 0.116219 0.818431 0.0593248 0.0028016 0.00157562 0.000763745 0.000375063 0.000174154 0.000233867 0.000102008 
301 0.253727 0.728877 0.0111028 0.00334032 0.000757518 0.00170232 1.66829e-07 0.000491818 0 0 
302 0.388999 0.599112 0.00854723 0.00171347 0.000874594 0.000284135 0.000186025 7.0858e-05 0.00017072 4.27501e-05 
303 0.405663 0.486088 0.0558135 0.00326326 0.0471949 0.00052882 0.000612364 0.000225688 0.000305694 0.000304054 
304 0.417246 0.339209 0.191723 0.0484504 0.00164726 0.00079846 0.000392111 0.00018207 0.000244498 0.000106645 
305 0.211177 0.596743 0.136133 0.00552519 0.00273352 0.0465589 0.000453055 0.000223362 0.000306127 0.000147373 
306 0.365575 0.260582 0.369719 0.00202955 0.000895354 0.000633008 0.000412071 5.12674e-05 5.16465e-05 5.14958e-05 
307 0.169122 0.687667 0.139524 0.0020589 0.000874594 0.000284135 0.000186025 7.0858e-05 0.00017072 4.27501e-05 
308 0.0984061 0.701893 0.195388 0.00211822 0.00093799 0.000663152 0.000431693 5.37087e-05 5.41059e-05 5.39479e-05 
309 0.30365 0.632514 0.0119042 0.00211817 0.00093799 0.000663152 0.000431693 5.37087e-05 5.55612e-05 0.0476715 
310 0.404776 0.58971 0.00360922 0.00101443 0.000445384 0.000254466 0 6.36223e-05 6.36318e-05 6.36171e-05 
311 0.20209 0.779178 0.0181 0.000229984 0.00023003 0.000113814 0 5.73428e-05 0 0 
312 0.211898 0.698491 0.0786259 0.00578088 0.00286209 0.00116021 0.00047302 0.000233998 0.000320705 0.000154391 
313 0.406022 0.540795 0.00365871 0.0486334 0.0004454 0.000254466 0 6.36223e-05 6.36318e-05 6.36171e-05 
314 0.383406 0.459386 0.0610186 0.0939948 0.000938073 0.000663152 0.000431693 5.37087e-05 5.41059e-05 5.39479e-05 
315 0.265213 0.612921 0.115252 0.00308234 0.00172568 0.000836482 0.000410783 0.00019074 0.00025614 0.000111723 
316 0.332626 0.647674 0.0161983 0.00179507 0.000916241 0.000297665 0.000194884 7.42322e-05 0.000178849 4.47858e-05 
317 0.58704 0.351939 0.0566323 0.00219407 0.00093799 0.000663152 0.000431693 5.37088e-05 5.41059e-05 5.39479e-05 
318 0.394028 0.498873 0.007548 0.00213553 0.096152 0.000669833 0.000431693 5.37087e-05 5.41059e-05 5.39479e-05 
319 0.334565 0.558131 0.00802213 0.0970873 0.00093799 0.000663152 0.000431693 5.37087e-05 5.41059e-05 5.39479e-05 
320 0.286138 0.275395 0.0347408 0.101459 0.301436 0.000313058 0.000204628 7.79438e-05 0.000187792 4.70251e-05 
321 0.313912 0.326312 0.298206 0.0560966 0.00301407 0.00121822 0.000496671 0.000245698 0.00033674 0.00016211 
322 0.570444 0.2558 0.116826 0.00395337 0.0510804 0.000878311 0.000431322 0.000200277 0.000268947 0.000117309 
323 0.565827 0.326624 0.103871 0.00188542 0.000962053 0.000312548 0.000204628 7.79438e-05 0.000187792 4.70251e-05 
324 0.148462 0.850357 0.000989872 0.00015453 3.71842e-05 0 0 0 0 0 
325 0.25466 0.631986 0.108825 0.00222408 0.00098489 0.000696309 0.000453278 5.63942e-05 5.68112e-05 5.66453e-05 
326 0.148462 0.850357 0.000989872 0.00015453 3.71842e-05 0 0 0 0 0 
327 0.201742 0.641868 0.10186 0.00222549 0.0509521 0.000729023 0.000453278 5.63942e-05 5.68112e-05 5.66453e-05 
328 0.432468 0.31221 0.188903 0.0606659 0.0031646 0.00128234 0.000522811 0.000258629 0.000354463 0.000170643 
329 0.325781 0.649435 0.0174894 0.00339141 0.00190733 0.000924533 0.000454023 0.000210818 0.000283102 0.000123484 
330 0.31905 0.564212 0.111972 0.00234122 0.00103673 0.000732957 0.000477135 5.93623e-05 5.98012e-05 5.96267e-05 
331 0.419459 0.380164 0.189607 0.00503202 0.00258853 0.000976146 0.00146791 0.000303263 0.000266538 0.000136172 
332 0.397153 0.53645 0.0625266 0.00198402 0.00101269 0.000328998 0.000215398 8.20461e-05 0.000197675 4.95001e-05 
333 0.441218 0.36503 0.0778906 0.057478 0.00319419 0.0538812 0.00052469 0.000258629 0.000354463 0.000170643 
334 0.424329 0.562559 0.00834505 0.00234113 0.00103673 0.000732957 0.000477135 5.93623e-05 5.98012e-05 5.96267e-05 
335 0.166421 0.568974 0.252613 0.00715976 0.00265191 0.000880489 0.000901625 9.79443e-05 9.9877e-05 0.000199747 
336 0.217962 0.596457 0.0213373 0.106098 0.00333411 0.0524347 0.0019789 9.79443e-05 9.9877e-05 0.000199747 
337 0.162057 0.78602 0.0425331 0.00391519 0.00302708 0.00129858 0.000763347 0.00019305 0.000192792 0 
338 0.0843846 0.898119 0.00782585 0.00424919 0.00194458 0.00215239 0.000405189 0.00054887 0.000185818 0.000184858 
339 0.256028 0.609527 0.123857 0.0057563 0.00265191 0.000880489 0.000901625 9.79443e-05 9.9877e-05 0.000199747 
340 0.734122 0.136434 0.0653659 0.00388483 0.00227938 0.000588407 0.000748445 0.000275841 0.000373626 0.0559272 
341 0.338146 0.401498 0.248982 0.00531782 0.00273234 0.00103038 0.00154946 0.000320111 0.000281345 0.000143737 
342 0.17444 0.746064 0.0683242 0.00607177 0.00279924 0.000929405 0.000951715 0.000103386 0.000105426 0.000210844 
343 0.340388 0.57905 0.0798263 0.000268315 0.000268368 0.000132783 0 6.68999e-05 0 0 
344 0.482713 0.447824 0.0197968 0.0471044 0.00109558 0.000773677 0.000503642 6.26602e-05 6.31235e-05 6.29393e-05 
345 0.0699412 0.909922 0.0116145 0.00388454 0.00227938 0.000588407 0.000748445 0.000275841 0.000373626 0.000371622 
346 0.281752 0.451861 0.254948 0.00538148 0.00273234 0.00103038 0.00154946 0.000320111 0.000281345 0.000143737 
347 0.358741 0.571017 0.010601 0.00209441 0.0566227 0.000348852 0.000227364 8.66043e-05 0.000208657 5.22501e-05 
348 0.227503 0.567437 0.0831888 0.0602576 0.0027324 0.00110288 0.0570325 0.000320134 0.000281345 0.000143737 
349 0.563901 0.253448 0.0638232 0.0591472 0.00201795 0.0103561 0.0466546 0.00022253 0.00029883 0.000130344 
350 0.24821 0.702806 0.0361692 0.00674304 0.00333911 0.00135358 0.000551856 0.000272997 0.000374156 0.000180123 
351 0.259579 0.692558 0.0437538 0.00211818 0.00106895 0.000347276 0.000227364 8.66043e-05 0.000208657 5.22501e-05 
352 0.398436 0.33107 0.262793 0.0035804 0.00201329 0.000975896 0.000479247 0.00022253 0.00029883 0.000130344 
353 0.499383 0.361966 0.0731997 0.0600853 0.00306491 0.000929405 0.000951715 0.000103386 0.000105426 0.000210844 
354 0.560255 0.265804 0.107017 0.00533935 0.0582598 0.00103065 0.00154946 0.000320111 0.000281345 0.000143737 
355 0.678658 0.247315 0.00994907 0.00389515 0.0578243 0.000588427 0.000748445 0.000275841 0.000373626 0.000371622 
356 0.37291 0.497725 0.119157 0.00448528 0.00205261 0.00227197 0.0004277 0.000579362 0.000196141 0.000195128 
357 0.395479 0.387462 0.156471 0.00247172 0.00109744 0.0562965 0.000533222 6.26602e-05 6.31235e-05 6.29393e-05 
358 0.3088 0.616983 0.0686982 0.00341097 0.00113183 0.000367704 0.000240738 9.16986e-05 0.000220931 5.53236e-05 
359 0.376904 0.122544 0.484807 0.00931538 0.00353553 0.0014332 0.000584319 0.000289056 0.000396165 0.000190718 
360 0.123131 0.836497 0.0283346 0.00562369 0.00289306 0.00109099 0.0016406 0.000338941 0.000297895 0.000152192 
361 0.49679 0.384675 0.0492162 0.00437579 0.00340555 0.0602136 0.000892066 0.000215762 0.000215474 0 
362 0.0691418 0.859503 0.0660269 0.00261696 0.00115869 0.000819187 0.000533268 6.63461e-05 6.68367e-05 6.66416e-05 
363 0.655642 0.152669 0.128539 0.00221783 0.00113183 0.000367704 0.000240738 9.17707e-05 0.0590444 5.53236e-05 
364 0.229285 0.669489 0.0361164 0.0586955 0.00289306 0.00109099 0.0016406 0.000338941 0.000297895 0.000152192 
365 0.157824 0.580207 0.253796 0.00381021 0.00213172 0.0010333 0.000507438 0.00023562 0.000316409 0.000138011 
366 0.586573 0.209219 0.0784067 0.00409466 0.0606442 0.00104102 0.000508527 0.059052 0.000322482 0.000138011 
367 0.655268 0.319065 0.0138404 0.00642728 0.0029639 0.000984076 0.0010077 0.000109467 0.000111627 0.000223247 
368 0.383822 0.307456 0.229518 0.077096 0.00113188 0.000367704 0.000240739 9.16986e-05 0.000220931 5.53236e-05 
369 0.179104 0.72566 0.033103 0.057203 0.00243358 0.000623019 0.000792471 0.000292067 0.000395604 0.000393482 
370 0.473942 0.277274 0.184632 0.00261687 0.0599716 0.000829822 0.000533268 6.63461e-05 6.68367e-05 6.66416e-05 
371 0.329393 0.595467 0.0119916 0.00221743 0.0014322 0.0588898 0.00024173 9.16986e-05 0.000220931 5.53236e-05 
372 0.6792 0.192059 0.124415 0.00221759 0.00113183 0.000367704 0.000240738 9.16986e-05 0.000220931 5.53236e-05 
373 0.0850768 0.098621 0.21091 0.598887 0.00361221 0.0014332 0.000584319 0.000289056 0.000396165 0.000190718 
374 0.435199 0.394735 0.161355 0.00407602 0.00226495 0.00109788 0.000539153 0.000250347 0.000336184 0.000146637 
375 0.504048 0.417572 0.0102249 0.0652484 0.00125691 0.000870386 0.000566598 7.04927e-05 7.1014e-05 7.08067e-05 
376 0.18819 0.733164 0.072985 0.00278011 0.00123111 0.000870386 0.000566598 7.04927e-05 7.1014e-05 7.08067e-05 
377 0.576385 0.40282 0.0112078 0.00437011 0.0025643 0.000661957 0.000842 0.000310321 0.000420329 0.000418074 
