2 0.0308566 0.914716 0.0465804 0.00595694 6.57711e-06 4.13494e-05 0.00136793 7.14667e-05 0.000402422 4.42885e-07 
3 0.760047 0.21682 0.014668 0.00263106 0.00184283 0.00347388 5.36088e-06 1.951e-06 1.2761e-06 0.000508633 
4 0.166047 0.811152 0.00580213 0.0140705 0.00292332 1.59939e-06 2.22969e-06 1.16555e-07 6.5592e-07 7.67007e-07 
5 0.111001 0.871387 0.0130596 0.00449128 2.22277e-05 2.12062e-05 3.96466e-06 3.24622e-06 2.11639e-06 8.09689e-06 
6 0.150924 0.711952 0.123948 0.00378415 0.00657478 0.00247463 0.00023103 3.03703e-05 2.51409e-05 5.56419e-05 
7 0.443993 0.54214 0.00946434 0.00419483 0.000180574 1.63042e-06 1.66051e-06 1.1882e-05 1.09302e-05 1.63312e-06 
8 0.714541 0.192976 0.0390352 0.0412643 0.0119602 0.000150501 2.35015e-05 1.81095e-05 1.18328e-05 2.00857e-05 
9 0.410674 0.448993 0.072161 0.0361076 0.0266819 0.00322603 0.00182186 0.000216451 2.09305e-05 9.73339e-05 
10 0.112547 0.86445 0.02058 0.00209173 0.000190443 4.94877e-05 2.90406e-05 2.23778e-05 1.46217e-05 2.48197e-05 
11 0.284792 0.704842 0.0051676 0.000485809 0.00301036 0.00169408 5.16582e-06 2.39066e-07 1.34536e-06 1.57321e-06 
12 0.22614 0.769843 0.00205112 0.00184529 3.92555e-05 4.43842e-05 8.29796e-06 6.79428e-06 4.42957e-06 1.69466e-05 
13 0.591081 0.023515 0.382924 0.00213344 0.000197737 5.23055e-05 3.06942e-05 2.36519e-05 1.54543e-05 2.62329e-05 
14 0.200659 0.418318 0.380066 0.00060214 0.000203159 5.37399e-05 3.15359e-05 2.43005e-05 1.5878e-05 2.69522e-05 
15 0.57684 0.301965 0.0910169 0.0295978 0.000534003 2.7536e-06 2.80441e-06 2.00674e-05 1.84598e-05 2.75816e-06 
16 0.279873 0.680227 0.0246681 0.0123924 0.00266435 6.22743e-05 3.6316e-05 2.7984e-05 1.82848e-05 3.10376e-05 
17 0.471622 0.516511 0.00728925 0.000205848 0.00432185 3.01332e-06 3.03097e-06 2.16886e-05 1.99511e-05 2.98098e-06 
18 0.120678 0.525515 0.351779 0.00129456 0.000294967 0.00016002 7.6754e-05 3.56424e-05 3.56626e-05 0.000129717 
19 0.0774459 0.512099 0.202139 0.167976 0.0173083 0.00578563 0.00749843 0.00473923 0.00338628 0.00162243 
20 0.270596 0.0443691 0.657596 0.0269368 0.000299439 7.1176e-05 4.17678e-05 3.21849e-05 2.10298e-05 3.5697e-05 
21 0.0935685 0.133158 0.0519769 0.533373 0.187552 0.000208304 5.2432e-05 4.04024e-05 2.63991e-05 4.48112e-05 
22 0.141279 0.828924 0.0143492 0.0153039 7.24482e-05 4.20689e-06 4.28452e-06 3.06585e-05 2.82025e-05 4.21385e-06 
23 0.289659 0.696369 0.00728521 0.00654459 6.61408e-05 4.43985e-06 4.52178e-06 3.23563e-05 2.97642e-05 4.44719e-06 
24 0.0921823 0.555187 0.106156 0.216751 0.0293269 0.000120932 6.80194e-05 1.41624e-05 4.03696e-05 0.000153074 
25 0.0775556 0.563973 0.163669 0.139293 0.00953571 0.0188376 0.00834099 0.000732849 0.00842054 0.00964144 
26 0.0489822 0.543885 0.295666 0.0818487 0.0250042 0.000399119 0.00013791 0.00368189 0.000154141 0.000240767 
27 0.37782 0.322298 0.061841 0.156499 0.0399027 0.0256399 0.000727926 0.000230524 0.0146428 0.000397731 
28 0.0157109 0.943873 0.0321403 0.00682496 0.000726639 0.000183729 0.000176956 9.0752e-05 4.82414e-05 0.000224338 
29 0.0641648 0.931106 0.000557245 0.000126542 0.00401959 7.64522e-06 1.06954e-05 5.5909e-07 3.14632e-06 3.67919e-06 
30 0.633075 0.347489 0.00453919 0.0105203 8.98819e-05 0.00418449 1.64282e-05 4.17369e-05 3.83933e-05 5.73651e-06 
31 0.257721 0.51589 0.158374 0.0476276 0.0194778 0.000332421 0.000159439 7.40391e-05 7.4081e-05 0.000269458 
32 0.690735 0.238266 0.0311296 0.0109788 0.0185244 0.0101115 8.26804e-05 6.24056e-05 4.0776e-05 6.92154e-05 
33 0.120249 0.764313 0.0196518 0.0827708 0.00229561 0.000333637 0.000459428 0.00968907 3.97768e-05 0.000198056 
34 0.0470241 0.940479 0.0095008 0.00139865 0.000415217 0.000285642 0.000195323 0.000178741 0.000161548 0.000361184 
35 0.0569718 0.795093 0.0940704 0.0289023 0.00933148 0.000306875 0.000196263 0.0001796 0.000492119 0.014456 
36 0.17671 0.717446 0.0507743 0.00142822 0.0331734 0.020201 9.05503e-05 6.39057e-05 4.17562e-05 7.08792e-05 
37 0.0284578 0.965114 0.00332767 0.0014471 0.000429606 0.00029554 0.000202092 0.000184935 0.000167146 0.0003737 
38 0.0358528 0.414111 0.431102 0.102253 0.0147789 0.000788947 0.000317772 0.000111323 0.000156569 0.000527438 
39 0.336463 0.651245 0.00920374 0.00195281 0.000579375 0.000162689 9.72196e-05 2.02422e-05 5.77e-05 0.000218788 
40 0.0596516 0.928795 0.00941212 0.000693582 0.000454554 0.000252159 0.000242863 0.000124552 6.62088e-05 0.000307893 
41 0.607371 0.252681 0.124863 0.0104479 0.00439592 0.000132499 2.47635e-05 2.02761e-05 1.32191e-05 5.05737e-05 
42 0.0443129 0.933332 0.019058 0.00154924 0.000454347 0.000312561 0.000213731 0.000195586 0.000176772 0.000395222 
43 0.575423 0.161214 0.082472 0.0592821 0.0827566 0.0313658 0.00145891 0.00551611 0.000180351 0.000331363 
44 0.151394 0.829171 0.0187577 0.000304158 0.000121752 0.000138246 2.58461e-05 2.11625e-05 1.3797e-05 5.27846e-05 
45 0.459508 0.323649 0.171439 0.00170744 0.0432064 0.000375793 2.59881e-05 2.12788e-05 1.38728e-05 5.30746e-05 
46 0.128882 0.615843 0.145905 0.0189418 0.0838623 0.00559246 0.000262563 0.000182487 0.000186274 0.000342347 
47 0.160019 0.336547 0.248536 0.192407 0.0277834 0.000523899 0.000466547 0.0268399 0.00130854 0.00556882 
48 0.158999 0.617821 0.171598 0.0269317 0.0237468 0.00046719 0.000107539 2.23908e-05 6.38246e-05 0.000242011 
49 0.0877241 0.798648 0.0889467 0.0174216 0.00678977 0.000166977 9.69108e-05 7.46763e-05 4.87938e-05 8.28251e-05 
50 0.0429724 0.931525 0.0172919 0.00661564 0.000500524 0.000277658 0.000267423 0.000137148 7.29041e-05 0.000339028 
51 0.0623132 0.909544 0.0094376 0.0170491 0.000537073 0.000284041 0.00027357 0.0001403 7.458e-05 0.000346822 
52 0.348629 0.612205 0.0167825 0.0202911 0.000547065 0.00037312 0.000255141 0.000233481 0.000211022 0.000471796 
53 0.139246 0.525797 0.25163 0.0488321 0.00797363 0.0135968 0.0122529 0.000188877 0.000150213 0.000332451 
54 0.0269202 0.93179 0.0364464 0.00213982 0.00102669 0.000556449 0.00023846 0.0001804 0.000273694 0.00042786 
55 0.440568 0.27838 0.127264 0.0265482 0.100146 0.00677481 0.000308898 0.0126163 0.000678528 0.00671579 
56 0.256589 0.267029 0.210035 0.108948 0.110933 0.0455902 0.000262585 0.000108591 0.000108652 0.000395206 
57 0.200606 0.687925 0.0802446 0.00175542 0.0154366 0.0130229 0.000330653 0.00016953 9.01176e-05 0.000419077 
58 0.139255 0.319273 0.313224 0.040077 0.0985283 0.0310726 0.0472992 0.0109167 5.72276e-05 0.000297786 
59 0.0930779 0.172874 0.62727 0.0910785 0.0148946 0.000235132 0.000140507 2.92551e-05 8.33912e-05 0.000316204 
60 0.157007 0.37928 0.243708 0.0743923 0.0359515 0.0442893 0.0348454 0.000449058 0.0162186 0.0138585 
61 0.0888994 0.826141 0.0302846 0.0166682 0.0362367 0.0013673 0.000128732 9.91969e-05 6.48156e-05 0.000110021 
62 0.0554528 0.868859 0.0643303 0.00895833 0.00077256 0.000358655 0.000480249 0.000215312 0.000178238 0.000394476 
63 0.133104 0.0386641 0.797922 0.0285949 0.00109238 0.000219371 0.000128732 9.91969e-05 6.48156e-05 0.000110021 
64 0.120466 0.732685 0.10783 0.00968197 0.0271808 0.000879405 0.000308577 0.000248347 0.0002535 0.000465901 
65 0.236865 0.690813 0.0648621 0.00692472 0.000174531 0.000197648 3.69518e-05 3.02558e-05 1.97254e-05 7.54655e-05 
66 0.168309 0.75948 0.0672866 0.00231644 0.000677972 0.000466399 0.000318926 0.000291851 0.000263777 0.000589745 
67 0.0532684 0.69301 0.24092 0.00261281 0.000707085 0.000392247 0.00134869 0.00712137 0.000140972 0.000478945 
68 0.0542102 0.912266 0.00613257 0.0248163 0.000830454 0.000384478 0.000514827 0.000230814 0.000191071 0.000422878 
69 0.26145 0.108224 0.555346 0.0202992 0.0171987 0.0359574 0.000331096 0.000244161 0.000370431 0.000579087 
70 0.201812 0.449483 0.217151 0.035925 0.0500388 0.0444236 0.000360606 0.000142882 0.000142963 0.000520007 
71 0.58297 0.381041 0.03239 0.0018937 0.000974807 0.000257857 0.000151317 0.0001166 7.61868e-05 0.000129323 
72 0.129218 0.681967 0.151037 0.0335583 0.00160268 0.00105997 0.00037652 0.000303029 0.000309317 0.000568485 
73 0.186808 0.705436 0.0305639 0.0196337 0.0475225 0.000279085 0.000159724 0.000123078 8.04405e-05 0.00939296 
74 0.242513 0.647727 0.0391834 0.00270394 0.00119632 0.054327 0.00256891 0.000125951 0.00946292 0.000191507 
75 0.0452639 0.287508 0.541123 0.0394282 0.0535876 0.0314249 0.000357906 0.000267196 0.000405377 0.000633718 
76 0.161953 0.621318 0.176876 0.00836421 0.0288978 0.000866571 0.000367041 0.000277674 0.000421275 0.000658569 
77 0.751734 0.0744003 0.0342421 0.0571923 0.00219967 1.36303e-05 9.8429e-05 0.0637975 0.0162983 2.39809e-05 
78 0.156825 0.226362 0.51732 0.0753025 0.00141371 0.0208657 0.000822789 0.000297441 0.000246226 0.000544946 
79 0.0513196 0.425744 0.383634 0.0906431 0.0432506 0.00354295 0.000450997 0.000362969 0.000370501 0.000680933 
80 0.142562 0.604853 0.134661 0.0676054 0.0142308 0.0222071 0.0123269 0.000490097 0.000374617 0.000688498 
81 0.151253 0.659816 0.146955 0.0369084 0.00189757 0.00128374 0.000456008 0.000367002 0.000374617 0.000688498 
82 0.478479 0.262446 0.025605 0.181465 0.00676032 0.0304909 0.0145658 5.08106e-05 2.83692e-05 0.000108535 
83 0.0684103 0.095524 0.705851 0.101773 0.00229295 0.0126449 0.0120252 0.000379667 0.000387535 0.00071224 
84 0.202194 0.16988 0.368302 0.119444 0.0798167 0.046774 0.0015369 0.00952396 0.00235781 0.000171429 
85 0.116191 0.068908 0.500342 0.185664 0.0888605 0.00280526 0.0231214 0.00124604 0.00100201 0.0118601 
86 0.0376041 0.719327 0.226851 0.0117073 0.00213541 0.000602721 0.000580503 0.000297711 0.000158255 0.000735939 
87 0.42136 0.107862 0.328327 0.113104 0.0141305 0.0129314 0.000498231 0.000455572 0.00041175 0.000920578 
88 0.0716471 0.0848712 0.804419 0.000748274 0.012829 0.0127256 5.95856e-05 0.0125472 3.23497e-05 0.000120745 
89 0.0838976 0.334357 0.159492 0.0322982 0.0354509 0.255725 0.0190125 0.0119772 0.0543983 0.0133914 
90 0.0328569 0.189989 0.538299 0.194651 0.00312436 0.0122822 0.000553195 0.000491538 0.00044957 0.0273036 
91 0.241429 0.0618349 0.172107 0.478628 0.0292475 0.0144895 0.00054723 0.000440402 0.000449541 0.000826198 
92 0.113658 0.378015 0.153345 0.212019 0.0213465 0.0773057 0.0300011 0.00044526 0.00100199 0.0128635 
93 0.0827814 0.378148 0.122281 0.0412232 0.142322 0.11111 0.037111 0.0138347 0.0140196 0.0571693 
94 0.520035 0.304056 0.0136256 0.0908677 0.0357144 0.018213 0.0136459 0.00251318 0.000468272 0.000860623 
95 0.0367965 0.697105 0.210988 0.0233147 0.00168081 0.0146416 0.000349323 5.72565e-05 0.000186422 0.0148813 
96 0.478701 0.220074 0.177637 0.0527552 0.0655902 0.00256546 0.00058318 0.00053367 0.000482336 0.00107839 
97 0.033298 0.472683 0.109678 0.284579 0.0839506 0.000536689 0.000250002 0.000192643 0.000125874 0.0147064 
98 0.378082 0.290228 0.174154 0.152536 0.0013112 0.000891032 0.000609293 0.000557565 0.000503933 0.00112668 
99 0.247242 0.550444 0.0317963 0.105664 0.00542166 0.0267836 0.000618893 0.0154729 0.000510462 0.0160465 
100 0.346505 0.507426 0.0527614 0.0453254 0.0475667 7.94331e-05 2.13567e-05 0.000152821 0.000140579 2.10044e-05 
101 0.299408 0.322997 0.176871 0.0709305 0.0329901 0.000796752 0.064262 0.0150371 0.0157622 0.000945279 
102 0.101166 0.71451 0.0579732 0.0571191 0.01703 0.0490495 0.00157619 0.000393746 0.000209305 0.000973339 
103 0.153837 0.320122 0.362704 0.0751158 0.0196142 0.0232491 0.0437805 0.000394791 0.000209305 0.000973339 
104 0.366496 0.444686 0.0153876 0.0371987 0.0336083 0.00218219 0.000575026 0.000267026 0.000703059 0.0988964 
105 0.107237 0.57741 0.172859 0.0879825 0.0170023 0.00193905 0.00105498 0.000472981 0.000394052 0.0336483 
106 0.182853 0.47034 0.0962634 0.085379 0.114606 0.00049452 0.019574 0.013712 0.000142543 0.0166351 
107 0.3701 0.0805615 0.322785 0.069534 0.086145 0.00313571 0.0492167 0.000559704 0.000555291 0.0174067 
108 0.0799741 0.0261221 0.826579 0.010097 0.0515036 0.00289531 0.000684012 0.000550503 0.000561926 0.00103275 
109 0.181781 0.672647 0.0556239 0.0266971 0.0106324 0.0498746 0.00246233 6.79428e-05 4.42957e-05 0.000169466 
110 0.169229 0.077149 0.0454236 0.591429 0.0950093 0.000867861 0.00114917 0.000932137 0.0176643 0.00114632 
111 0.247091 0.0774221 0.396831 0.0931882 0.0562397 0.0570442 0.0165713 7.2929e-05 0.000209178 0.0553314 
112 0.259688 0.435808 0.105333 0.0289734 0.0376517 0.0605585 0.0331008 0.000577032 0.0370888 0.00122137 
113 0.0916713 0.327186 0.0781855 0.14793 0.0761663 0.123643 0.0613943 0.0679989 0.00681295 0.0190124 
114 0.295358 0.670978 0.00784978 0.0206533 0.00161998 0.000898602 0.000865477 0.00044386 0.000235944 0.00109722 
115 0.0889092 0.121943 0.700775 0.0425302 0.0220399 0.00213975 0.000760013 0.00061167 0.000625307 0.0196651 
116 0.411237 0.152838 0.21493 0.194156 0.00344494 0.00161782 0.0006933 0.000524495 0.000828575 0.0197296 
117 0.156837 0.277039 0.429421 0.0748113 0.0387948 0.00110707 0.0192743 0.000691881 0.00062525 0.00139791 
118 0.348067 0.457639 0.0902901 0.0216222 0.00172839 0.0201906 0.0201149 0.000476316 0.00025397 0.0396176 
119 0.193112 0.212151 0.438403 0.0473176 0.062969 0.00400601 0.0343568 0.00577106 0.000674311 0.0012393 
120 0.154689 0.383269 0.132672 0.261947 0.00306295 0.00147244 0.0607617 0.000591136 0.000477678 0.0010572 
121 0.136434 0.447668 0.11395 0.100087 0.135184 0.00186291 0.000764046 0.0128551 0.00896376 0.0422312 
122 0.0554564 0.751398 0.135192 0.0069049 0.00258197 0.00313065 0.0225039 0.0200545 0.00063586 0.00214204 
123 0.179286 0.0343091 0.703242 0.0744974 0.00329275 0.00178291 0.000764045 0.000578015 0.000876939 0.0013709 
124 0.156651 0.056052 0.67605 0.0842915 0.0228976 0.00102968 0.000991693 0.000508589 0.000270353 0.00125723 
125 0.166937 0.0452792 0.774168 0.00635692 0.00188653 0.00129781 0.000887448 0.000812106 0.000733989 0.00164103 
126 0.166966 0.38346 0.0432407 0.114611 0.133605 0.0205193 0.04803 0.0424792 0.000994738 0.0460952 
127 0.523039 0.0677553 0.116178 0.12783 0.0265311 0.0385337 0.0523746 0.000886321 0.000930221 0.0459419 
128 0.100479 0.578188 0.306368 0.00537707 0.00352896 0.0015718 0.00213788 0.00123789 0.000177905 0.000933064 
129 0.0637937 0.73764 0.132408 0.0559196 0.00375496 0.00262584 0.000932743 0.000750686 0.000766263 0.00140829 
130 0.223233 0.260158 0.389862 0.0523092 0.0259857 0.0239419 0.000404531 0.0235616 0.00020202 0.000342858 
131 0.490008 0.409606 0.0510104 0.024529 0.000519128 0.000588349 0.000109996 9.00638e-05 5.87176e-05 0.0234804 
132 0.0172229 0.846006 0.057242 0.00316241 0.00207193 0.00114938 0.00110701 0.000567729 0.000302444 0.0711682 
133 0.537969 0.457326 0.00254723 0.00119656 0.00040913 3.24532e-05 3.3052e-05 0.000236509 0.000217562 3.25069e-05 
134 0.14157 0.745266 0.0451133 0.0082828 0.00402918 0.00281797 0.00101519 0.025151 0.000853142 0.0259014 
135 0.0606434 0.935008 0.00317035 0.000782733 0.000234261 4.79656e-05 6.71137e-05 3.50829e-06 1.97432e-05 2.30869e-05 
136 0.0599211 0.736434 0.202467 0.000782738 0.000234261 4.79656e-05 6.71137e-05 3.50829e-06 1.97432e-05 2.30869e-05 
137 0.269776 0.708971 0.00174276 0.0105617 2.08274e-05 0 0.00180835 0.00309339 0.00225291 0.00177376 
138 0.122761 0.56294 0.234138 0.00148661 0.0262339 0.0518868 0.000141491 9.93011e-05 6.47399e-05 0.000247682 
139 0.0204573 0.35841 0.463179 0.14185 0.00935353 0.00224006 0.000959954 0.000726224 0.0011018 0.00172241 
140 0.0892118 0.805121 0.0951449 0.0055351 0.00284943 0.000753736 0.00044231 0.00034083 0.0002227 0.000378022 
141 0.0957571 0.436861 0.0559357 0.106599 0.174172 0.00319587 0.0960295 0.0308481 0.000224429 0.000378022 
142 0.277425 0.467149 0.0613131 0.128734 0.00762299 0.0276161 0.00125297 0.000642428 0.000359681 0.0278857 
143 0.447146 0.123199 0.229801 0.0141436 0.0446407 0.0308472 0.0551243 0.000478373 0.000454341 0.0541659 
144 0.230804 0.571754 0.10101 0.0586747 0.0307908 0.00233688 0.000985217 0.000745335 0.00113079 0.00176774 
145 0.363776 0.34551 0.126647 0.0197462 0.0826686 0.0297397 0.00114261 0.000765479 0.00116135 0.0288425 
146 0.275374 0.221445 0.287104 0.180016 0.00235464 0.00161349 0.00117857 0.0279614 0.000912546 0.0020402 
147 0.100852 0.669499 0.183896 0.0394979 0.00319272 0.000894789 0.000534708 0.000111332 0.00031735 0.00120333 
148 0.755971 0.143086 0.0512177 0.00943368 0.00458879 0.00320936 0.00114002 0.000917505 0.00182626 0.0286093 
149 0.326602 0.377866 0.0835041 0.0606241 0.00459034 0.0587597 0.00117838 0.0564353 0.0011452 0.0292947 
150 0.280071 0.329258 0.252983 0.0676743 0.0047438 0.06042 0.0011726 0.000943719 0.000963302 0.00177042 
151 0.265847 0.373665 0.255199 0.00764565 0.062342 0.00215653 0.00103166 0.000479076 0.000479422 0.0311552 
152 0.112716 0.609653 0.0593749 0.00492727 0.113655 0.0659855 0.00140089 0.00071807 0.0296727 0.00189557 
153 0.070257 0.56802 0.345137 0.00712936 0.00304469 0.00141352 0.00189274 0.000848581 0.000702467 0.0015547 
154 0.166309 0.7369 0.0191303 0.00938468 0.0313957 0.0314935 0.00218738 0.000874295 0.000723754 0.00160181 
155 0.296785 0.394919 0.25403 0.0103122 0.00500595 0.00350112 0.00124366 0.00100092 0.0313234 0.00187904 
156 0.10381 0.860638 0.0341233 0.000948767 0.000283953 5.81401e-05 8.135e-05 4.25248e-06 2.39311e-05 2.79841e-05 
157 0.0546237 0.749359 0.114074 0.0654708 0.00849484 0.00264735 0.00113449 0.000858265 0.00130212 0.00203558 
158 0.13023 0.347476 0.237463 0.0968225 0.00366534 0.0614726 0.000876366 0.0890131 0.0325299 0.000450965 
159 0.410292 0.203416 0.208205 0.0700667 0.00965182 0.0242501 0.0389461 0.00158626 0.0312739 0.00231235 
160 0.28432 0.479669 0.0574454 0.00908133 0.0667165 0.00596605 0.0608367 0.0325071 0.00135877 0.00209919 
161 0.855871 0.094103 0.0269909 0.00934284 0.0051997 0.00281814 0.00120768 0.000913637 0.00138613 0.00216691 
162 0.474773 0.287383 0.0898863 0.105214 0.0347466 0.00195157 0.00131686 0.00120506 0.00108914 0.00243508 
163 0.0573235 0.0593123 0.857787 0.0110454 0.00532892 0.00372699 0.00132389 0.00106549 0.0010876 0.00199887 
164 0.0541642 0.905856 0.019779 0.00942946 0.00279937 0.00192578 0.00131686 0.00120506 0.00108914 0.00243508 
165 0.252696 0.207098 0.253533 0.175533 0.00290159 0.0353233 0.00136077 0.00124633 0.0669494 0.00335785 
166 0.331996 0.413516 0.125459 0.01404 0.00576972 0.0366273 0.00166351 0.00110104 0.00112637 0.0687006 
167 0.157645 0.0819718 0.722259 0.0358454 0.000742686 0.0008433 0.000157661 0.000129091 8.41619e-05 0.000321986 
168 0.242444 0.591901 0.122258 0.0369136 0.00370427 0.000979857 0.000575004 0.000443079 0.00028951 0.000491429 
169 0.592788 0.0525632 0.0314778 0.109084 0.10425 0.00417867 0.00137583 0.0677587 0.00112958 0.0353943 
170 0.0891426 0.44479 0.204117 0.0787611 0.0722234 0.00172295 0.0711164 0.000997458 0.000824363 0.0363047 
171 0.415092 0.500538 0.06439 0.0084328 0.00464828 0.00252169 0.00120954 0.000561676 0.000561994 0.00204417 
172 0.11461 0.697829 0.0636262 0.00984617 0.00396897 0.036764 0.000894341 0.071625 0.000310193 0.000526531 
173 0.383726 0.538228 0.0390938 0.00179611 0.000613695 4.98525e-05 0.0357303 0.000387125 0.000326343 4.87603e-05 
174 0.100063 0.734126 0.0304532 0.0932711 0.0318957 0.00412895 0.00146574 0.00117965 0.00120413 0.00221303 
175 0.223776 0.206496 0.299546 0.0086987 0.00369713 0.0017859 0.110059 0.0367658 0.0360236 0.0731518 
176 0.133339 0.203682 0.195432 0.321404 0.138234 0.00183895 0.00229833 0.00103042 0.000852996 0.00188785 
177 0.165 0.120735 0.48432 0.174078 0.0196211 0.0295145 0.00149534 0.00133417 0.00120584 0.00269598 
178 0.0735173 0.648464 0.155881 0.00485957 0.0388934 0.00176549 0.00170004 0.000871867 0.000463497 0.0735837 
179 0.296986 0.264967 0.370856 0.0505054 0.0061184 0.00427914 0.00152003 0.00122334 0.00124872 0.00229499 
180 0.406321 0.382599 0.03367 0.0131199 0.0796468 0.00428254 0.00152003 0.00122478 0.0411207 0.0364949 
181 0.0664468 0.767325 0.0336572 0.00913668 0.0419504 0.00271298 0.0383309 0.000604077 0.0006076 0.0392286 
182 0.0195011 0.674237 0.163734 0.0565855 0.0408309 0.00178004 0.00238346 0.00106858 0.000899793 0.0389796 
183 0.0835863 0.39734 0.229102 0.0121516 0.0472915 0.175265 0.049401 0.000821865 0.00115397 0.00388741 
184 0.183279 0.672525 0.11326 0.0136093 0.00635371 0.00444372 0.00157849 0.00127039 0.00129675 0.00238326 
185 0.092032 0.451488 0.225125 0.143512 0.00342925 0.00190118 0.0401398 0.00109117 0.000499441 0.0407822 
186 0.108049 0.639983 0.109117 0.0111412 0.00664582 0.118076 0.00166233 0.00108934 0.00165269 0.00258362 
187 0.126756 0.553586 0.302054 0.0101236 0.00427415 0.0011306 0.000663466 0.000511246 0.00033405 0.000567034 
188 0.0942086 0.437399 0.198118 0.120622 0.149404 7.45217e-05 0.000103252 5.39738e-06 3.03741e-05 3.55183e-05 
189 0.0977565 0.551407 0.290717 0.00929152 0.00398152 0.00785734 0.0349278 0.00110968 0.000918611 0.00203307 
190 0.371866 0.290903 0.0524507 0.242046 0.000891232 0.00101196 0.000189695 0.0387691 0.00148628 0.000386383 
191 0.381723 0.370735 0.0505629 0.104117 0.00414078 0.00192277 0.0425735 0.00115426 0.000955411 0.0421143 
192 0.307225 0.395607 0.120495 0.0890169 0.0398488 0.00201555 0.0417562 0.00110326 0.000519077 0.00241388 
193 0.110676 0.759702 0.00599687 0.00333879 0.119359 5.45213e-05 5.55274e-05 0.000397335 0.000365505 5.46115e-05 
194 0.662815 0.112608 0.0760134 0.0115857 0.00644763 0.0034945 0.00149753 0.00113291 0.00172424 0.122681 
195 0.105446 0.665832 0.180867 0.0364447 0.00362056 0.00197692 0.00190405 0.000976491 0.000519077 0.00241388 
196 0.188675 0.258353 0.221935 0.066404 0.047725 0.12514 0.00403332 0.00124342 0.0842868 0.00220295 
197 0.33303 0.470866 0.128768 0.0579636 0.00478027 0.00134218 0.000802062 0.000166998 0.000476025 0.001805 
198 0.0830233 0.182651 0.256521 0.0871044 0.0229836 0.193169 0.00181179 0.00155661 0.00146787 0.169712 
199 0.0320247 0.598635 0.0990758 0.0384091 0.092686 0.00321523 0.00152628 0.0876445 0.000727635 0.0460557 
200 0.109713 0.708172 0.0274949 0.0970566 0.00460644 0.00208956 0.00279797 0.00126936 0.0445017 0.00229825 
201 0.16787 0.464094 0.159182 0.069793 0.037317 0.00740782 0.00178438 0.00149009 0.0312853 0.0597768 
202 0.245625 0.0917981 0.244119 0.273502 0.00377662 0.00260565 0.0887735 0.0450499 0.00146834 0.00328206 
203 0.141573 0.280257 0.368184 0.0577784 0.0513075 0.0911849 0.00283347 0.000963183 0.00135466 0.00456349 
204 0.0295264 0.394117 0.461725 0.0131962 0.0906913 0.00259564 0.0017749 0.00162421 0.00146798 0.00328206 
205 0.0509076 0.517398 0.168844 0.148783 0.00612757 0.097845 0.00290132 0.00100696 0.00141623 0.00477092 
206 0.262929 0.300598 0.358553 0.0211898 0.0447637 0.00397102 0.00170174 0.0012874 0.00195318 0.00305337 
207 0.440152 0.0909304 0.00905493 0.375659 0.0365921 0.00121544 0.0456668 0.000176119 0.000114766 0.000439072 
208 0.567627 0.156169 0.121191 0.00985347 0.0959153 0.00133647 0.000784096 0.000604199 0.000395226 0.0461242 
209 0.454185 0.328842 0.0414039 0.0601071 0.00768863 0.00417425 0.0493877 0.0013487 0.00204654 0.0508168 
210 0.080623 0.623104 0.0759241 0.0139937 0.104501 0.0452645 0.00199002 0.00178359 0.0453615 0.00745529 
211 0.0883668 0.640031 0.15232 0.0977499 0.00794774 0.00550175 0.00195432 0.00157287 0.0016055 0.00295071 
212 0.314737 0.346288 0.216947 0.0590982 0.015852 0.0389852 0.00306446 0.00137389 0.00113733 0.00251713 
213 0.0799664 0.813397 0.0768163 0.0139197 0.0041324 0.00284281 0.00194393 0.0017789 0.00160778 0.00359464 
214 0.126861 0.14799 0.369 0.24427 0.10011 0.00284346 0.00194393 0.0017789 0.00160778 0.00359464 
215 0.0323382 0.101716 0.508264 0.294158 0.0041363 0.00284281 0.00194393 0.0017789 0.00424214 0.0485793 
216 0.0824404 0.66788 0.0747005 0.0638056 0.00416709 0.00284282 0.00194393 0.00178478 0.0481669 0.0522677 
217 0.578211 0.161986 0.0552591 0.00252568 0.000859173 6.81516e-05 6.94093e-05 0.00279769 0.198156 6.82752e-05 
218 0.161679 0.4813 0.18588 0.0114163 0.0056305 0.0647125 0.037543 0.000668867 0.0504327 0.000737167 
219 0.163048 0.624783 0.0398932 0.104505 0.0054145 0.00298496 0.00204113 0.00186784 0.00168825 0.0537742 
220 0.342426 0.272464 0.319643 0.051273 0.00445632 0.00247116 0.00238006 0.00122061 0.000648846 0.00301735 
221 0.241437 0.231021 0.0438401 0.231863 0.138675 0.00436816 0.00187211 0.0514246 0.0521291 0.00336946 
222 0.0237357 0.911348 0.0312469 0.0120979 0.00794016 0.00353655 0.00481024 0.00278524 0.000400286 0.00209939 
223 0.160932 0.445723 0.0231899 0.160263 0.0504171 0.152208 0.00238012 0.00122061 0.000648846 0.00301735 
224 0.433379 0.156337 0.185908 0.20768 0.00433917 0.00298496 0.00204113 0.00186784 0.00168817 0.00377437 
225 0.358291 0.422528 0.0923251 0.0113568 0.00584884 0.00154714 0.000907901 0.000699852 0.0535011 0.0529948 
226 0.317624 0.274645 0.0544408 0.228578 0.0006576 0 0.00418991 0.0586882 0.00529611 0.0558808 
227 0.184821 0.385542 0.136715 0.0128425 0.0580791 0.00301438 0.212514 0.00243324 0.00125705 0.00278209 
228 0.171304 0.398916 0.0923624 0.101807 0.125942 0.00157286 0.0535318 0.000702266 0.053086 0.000775947 
229 0.0750393 0.863123 0.00672647 0.0542779 0.000493195 0.00010098 0.000141292 7.38588e-06 4.15646e-05 4.8604e-05 
230 0.0735411 0.233254 0.690724 0.00164786 0.000493182 0.00010098 0.000141292 7.38588e-06 4.15646e-05 4.8604e-05 
231 0.367458 0.397013 0.0459474 0.0599194 0.00482334 0.0588696 0.00226826 0.00207538 0.00187675 0.0597483 
232 0.238055 0.530668 0.153278 0.0671931 0.00617377 0.00163309 0.000958339 0.000738466 0.000482516 0.000819048 
233 0.189767 0.689323 0.00717988 0.00173941 0.000564988 0.0556177 0.000149142 7.79621e-06 4.3971e-05 0.0556067 
234 0.26676 0.30922 0.268994 0.0188881 0.00920593 0.116119 0.00366297 0.00183501 0.00187309 0.00344249 
235 0.459911 0.305664 0.0449656 0.0128329 0.0608841 0.00196689 0.0561801 0.000814057 0.0559625 0.000819049 
236 0.505703 0.370702 0.0630043 0.0028095 0.0564927 7.5724e-05 7.71214e-05 0.000551854 0.000507645 7.58494e-05 
237 0.263428 0.255459 0.402236 0.00755274 0.00494959 0.0582736 0.00267216 0.00135624 0.00072094 0.00335261 
238 0.288452 0.375631 0.0677089 0.0250539 0.0959285 0.0335146 0.0985309 0.00761772 0.00173095 0.00583112 
239 0.15072 0.470019 0.189425 0.0604755 0.0623935 0.058886 0.00265118 0.00135624 0.00072094 0.00335261 
240 0.341036 0.0919356 0.0572406 0.131426 0.192088 0.117354 0.00252461 0.00194295 0.00198347 0.0624683 
241 0.517615 0.091827 0.0513479 0.0783106 0.126468 0.00679817 0.00241416 0.00195065 0.119334 0.00393403 
242 0.282447 0.426367 0.090022 0.00800153 0.0640591 0.00292542 0.0613804 0.00166107 0.000776687 0.06236 
243 0.101153 0.244558 0.263649 0.0799983 0.240348 0.00292036 0.00281235 0.0601675 0.000843116 0.00354983 
244 0.227652 0.224377 0.324831 0.0230482 0.183308 0.00679883 0.00241416 0.00194295 0.00198327 0.00364499 
245 0.148619 0.134474 0.344464 0.352191 0.00742836 0.00282705 0.00378549 0.00169716 0.00140493 0.0031094 
246 0.277184 0.49393 0.0278624 0.184316 0.00525174 0.00290724 0.00280007 0.00143602 0.000763349 0.00354983 
247 0.039966 0.415523 0.274063 0.133044 0.121823 0.00455537 0.00240133 0.00219746 0.00198609 0.00444043 
248 0.0963968 0.652522 0.156286 0.0815644 0.00674801 0.00189485 0.00113232 0.000235762 0.000672035 0.00254823 
249 0.170645 0.560031 0.0508496 0.0589395 0.085222 0.00514291 0.00220225 0.00166604 0.00369352 0.0616091 
250 0.267602 0.218041 0.256039 0.0586176 0.131989 0.00183787 0.0635775 0.000830774 0.000542831 0.00092143 
251 0.365993 0.369046 0.0383225 0.0182696 0.00581199 0.0658429 0.00255144 0.00281608 0.126486 0.00486097 
252 0.158677 0.390438 0.280004 0.0882854 0.00648992 0.065484 0.00402221 0.00180323 0.00149274 0.00330374 
253 0.0784053 0.734597 0.0727711 0.0828896 0.00790733 0.00958579 0.00395228 0.00138457 0.00194732 0.00656001 
254 0.257705 0.231057 0.341709 0.142991 0.0100828 0.00546015 0.00233989 0.00177017 0.00268563 0.00419838 
255 0.108531 0.477079 0.262987 0.00866412 0.0680661 0.00308946 0.00297508 0.00152577 0.000899843 0.0661829 
256 0.327362 0.277408 0.0749787 0.00385387 0.173645 0.0789451 0.000303665 0.0627418 0.000157923 0.000603724 
257 0.354634 0.251623 0.233894 0.138978 0.00542638 0.00373119 0.00255141 0.0023348 0.00211022 0.00471796 
258 0.42477 0.160263 0.240584 0.0837212 0.0103319 0.0153698 0.05691 0.00207059 0.00210722 0.0038728 
259 0.294541 0.505482 0.194313 0.00314098 0.00107397 8.51895e-05 8.67616e-05 0.000620836 0.000571101 8.53305e-05 
260 0.312095 0.235459 0.161101 0.200171 0.011635 0.00442069 0.0060128 0.00673029 0.0597407 0.0026351 
261 0.265082 0.411454 0.110267 0.0753921 0.00759522 0.00186452 0.0392524 0.0251292 0.000543084 0.0634211 
262 0.0803998 0.595925 0.235515 0.01352 0.0694301 0.00183748 0.00107813 0.000830774 0.000542831 0.00092143 
263 0.0939215 0.144952 0.16331 0.202624 0.00656652 0.00355801 0.0701884 0.247581 0.00149453 0.0658033 
264 0.448964 0.175071 0.0566329 0.0908109 0.139551 0.0109867 0.00273605 0.00220201 0.00224798 0.0707974 
265 0.0351317 0.468439 0.18223 0.113859 0.185802 0.00320904 0.00429022 0.00192345 0.00159226 0.00352398 
266 0.114545 0.425973 0.0981621 0.0757298 0.0725095 0.0700573 0.00318224 0.0682863 0.000865215 0.0706898 
267 0.250914 0.505105 0.0358432 0.0706336 0.0677635 0.00168798 0.0135803 0.0536585 0.000169692 0.000643972 
268 0.485662 0.170597 0.183051 0.0143901 0.00745706 0.135244 0.00115003 0.000886159 0.000579019 0.000982858 
269 0.121075 0.241051 0.322377 0.139664 0.0903925 0.0741241 0.00273619 0.00220201 0.0022477 0.00413099 
270 0.0485221 0.85268 0.0570493 0.0194876 0.00578536 0.00397994 0.00272151 0.00249046 0.0022509 0.00503249 
271 0.248819 0.461339 0.0149445 0.136942 0.0682034 0.00169996 0.000315322 0.000258183 0.00016837 0.0673106 
272 0.0999243 0.361838 0.167382 0.0166188 0.266786 0.00946664 0.0709422 0.00192587 0.00159226 0.00352399 
273 0.301949 0.220521 0.316508 0.0147222 0.00741428 0.0686168 0.00115383 0.000886159 0.000585978 0.0676425 
274 0.0183682 0.553603 0.150442 0.0274881 0.00903689 0.010966 0.0759344 0.00158258 0.00223213 0.150348 
275 0.44895 0.253156 0.0543118 0.0868417 0.0785411 0.00292572 0.00123216 0.000949466 0.000624054 0.072468 
276 0.0833101 0.712922 0.0309253 0.00971 0.00644978 0.146286 0.00341514 0.00174373 0.000926923 0.0043105 
277 0.408249 0.19629 0.222611 0.00972128 0.077777 0.00354139 0.00340009 0.00174373 0.000977483 0.0756884 
278 0.0511135 0.478125 0.369188 0.00986971 0.00636376 0.00384149 0.0670051 0.00925597 0.000926923 0.0043105 
279 0.123756 0.639433 0.156523 0.00397615 0.00159147 0.00185316 0.0717203 0.000276635 0.000180347 0.00068997 
280 0.183273 0.587548 0.0461213 0.0176205 0.14897 0.00432839 0.00459667 0.00206084 0.00170599 0.0037757 
281 0.200008 0.540002 0.132127 0.0242567 0.0117997 0.00825263 0.00293148 0.0023593 0.00240912 0.0758538 
282 0.284741 0.310378 0.0681803 0.16376 0.154136 0.00624018 0.00267416 0.00202305 0.00306929 0.00479815 
283 0.176659 0.370875 0.0472242 0.0265824 0.0679069 0.153294 0.00705181 0.00397892 0.000572024 0.145856 
284 0.033906 0.659069 0.258768 0.0174399 0.0113431 0.00505221 0.00687177 0.00397892 0.000571837 0.00299913 
285 0.128689 0.329586 0.199559 0.0242762 0.155127 0.0792203 0.074276 0.00243199 0.00240825 0.00442606 
286 0.589702 0.309052 0.0147837 0.00428041 0.00171389 0.00194608 0.000363834 0.000297903 0.00019422 0.0776661 
287 0.20853 0.220905 0.35569 0.0263762 0.0127437 0.0857742 0.00315698 0.00254078 0.00259576 0.0816873 
288 0.0604076 0.814564 0.070099 0.0222791 0.0123993 0.00672019 0.00287986 0.00217867 0.00330539 0.00516724 
289 0.209048 0.293582 0.145329 0.326282 0.0103693 0.00562531 0.0026982 0.00125297 0.00125368 0.00456006 
290 0.406827 0.19691 0.211791 0.092587 0.0085483 0.00230336 0.0782078 0.0010225 0.000668099 0.00113407 
291 0.0962952 0.287996 0.0919202 0.316282 0.0941302 0.0963308 0.00487047 0.00170409 0.0023967 0.00807386 
292 0.0550453 0.268197 0.644466 0.0104569 0.00685328 0.00380178 0.00366163 0.00187787 0.000998225 0.00464208 
293 0.0616873 0.736285 0.141252 0.0261226 0.0127074 0.00888745 0.00315698 0.00254078 0.0025935 0.00476653 
294 0.117595 0.714057 0.0481315 0.0185607 0.00796304 0.00369691 0.00495026 0.00221937 0.00184474 0.0809817 
295 0.040502 0.724937 0.114322 0.0185831 0.00796304 0.00369691 0.00495026 0.00221937 0.00183722 0.0809892 
296 0.391834 0.14486 0.124071 0.170246 0.00873031 0.00226121 0.00132693 0.00102763 0.154478 0.00116541 
297 0.369334 0.273728 0.142316 0.0261227 0.0128601 0.0856578 0.00315699 0.00254078 0.00259444 0.0816887 
298 0.040502 0.365216 0.512603 0.0569456 0.00796304 0.00369691 0.00495026 0.00221937 0.00183722 0.00406614 
299 0.148773 0.485167 0.223219 0.0241991 0.0890163 0.0149664 0.00311985 0.00236023 0.00358083 0.00559784 
300 0.143202 0.297042 0.0951694 0.188222 0.259653 0.00613308 0.00292305 0.00135738 0.00135815 0.00494007 
301 0.0396747 0.451138 0.453043 0.020191 0.0132336 0.00589425 0.00801707 0.00464207 0.000667143 0.00349899 
302 0.232348 0.30534 0.152808 0.107469 0.0134326 0.00728024 0.0864534 0.00236023 0.0035831 0.0889261 
303 0.231932 0.312279 0.312811 0.0242727 0.0134326 0.00728021 0.00311985 0.00236023 0.00368024 0.0888317 
304 0.308776 0.476414 0.0719692 0.0241357 0.0134354 0.0906107 0.00311985 0.00236023 0.00358083 0.00559784 
305 0.226281 0.286543 0.11886 0.0114287 0.173984 0.0041297 0.170629 0.00203473 0.00108141 0.00502892 
306 0.223183 0.506847 0.13429 0.0245216 0.0072317 0.00497493 0.00340188 0.00311307 0.0043848 0.0880527 
307 0.392911 0.152445 0.146435 0.114693 0.0935105 0.00609409 0.00292305 0.00135738 0.00136825 0.0882629 
308 0.220804 0.50269 0.0161718 0.00463711 0.00185671 0.0854416 0.000394368 0.0825867 0.084602 0.000815884 
309 0.232111 0.345924 0.203104 0.0243697 0.0072317 0.00497493 0.00340188 0.00311307 0.00639472 0.169376 
310 0.302048 0.344415 0.210692 0.0298924 0.0909989 0.0072948 0.00311985 0.00236023 0.00358083 0.00559784 
311 0.356741 0.380256 0.062147 0.0179815 0.00992795 0.168404 0.00148237 0.0011077 0.000723774 0.00122857 
312 0.0654598 0.721964 0.0704361 0.10675 0.0134514 0.00728021 0.00311985 0.00236023 0.00358083 0.00559784 
313 0.27375 0.379926 0.22809 0.0963909 0.0148957 0.00244964 0.00143751 0.0011077 0.000723774 0.00122857 
314 0.316802 0.296546 0.0708256 0.194952 0.0138653 0.0928625 0.00342006 0.00275252 0.00280963 0.00516374 
315 0.298138 0.142337 0.261647 0.0983792 0.0101289 0.0935538 0.00156972 0.0012084 0.00081004 0.0922289 
316 0.0387043 0.856237 0.100774 0.0028463 0.00085186 0.00017442 0.00024405 1.27574e-05 7.17934e-05 8.39524e-05 
317 0.337739 0.403364 0.0389164 0.0123586 0.0990079 0.00449303 0.00432739 0.00221958 0.0920885 0.00548609 
318 0.337809 0.1794 0.179579 0.0825088 0.014952 0.00794204 0.00340348 0.00271064 0.142493 0.0492021 
319 0.047962 0.571262 0.0568835 0.0221097 0.191053 0.00437086 0.00585347 0.0935248 0.00217528 0.00480543 
320 0.50142 0.298641 0.188658 0.00506568 0.00202551 0.00229991 0.000429985 0.000352067 0.000229532 0.000878144 
321 0.229589 0.506658 0.121589 0.0221732 0.100172 0.0043691 0.0058503 0.00262289 0.00217126 0.00480543 
322 0.0650535 0.221746 0.313133 0.101508 0.00812675 0.00449301 0.00475388 0.183605 0.00118806 0.0963928 
323 0.425352 0.281063 0.145707 0.026614 0.0194745 0.0847099 0.00375218 0.00339608 0.00306941 0.00686249 
324 0.154945 0.620814 0.0806572 0.11314 0.0122549 0.0066481 0.00318878 0.00148078 0.00148162 0.00538917 
325 0.047866 0.210893 0.417243 0.11295 0.00941096 0.00447437 0.0966516 0.00269519 0.0929516 0.00486439 
326 0.207732 0.232629 0.0679126 0.292227 0.0101027 0.0026724 0.0924771 0.00120871 0.0916984 0.00134026 
327 0.153107 0.315351 0.0409542 0.46466 0.00822155 0.00449301 0.00432739 0.0022193 0.00117972 0.00548609 
328 0.383005 0.393366 0.0771277 0.0351438 0.0104287 0.0029284 0.00174995 0.00036999 0.0919081 0.00397212 
329 0.310069 0.213625 0.0558119 0.117307 0.00894775 0.0953844 0.0945676 0.00344674 0.00306943 0.0977715 
330 0.154079 0.465596 0.147342 0.0219358 0.00941087 0.00436908 0.00585172 0.0935306 0.00217202 0.0957128 
331 0.152635 0.371056 0.0557521 0.117474 0.00788945 0.00542719 0.0332252 0.0609519 0.00742141 0.188168 
332 0.0574387 0.809442 0.0775273 0.0351438 0.0104287 0.0029284 0.00174995 0.000364359 0.0010386 0.00393818 
333 0.156007 0.312472 0.0396791 0.103848 0.0972057 0.00491433 0.186024 0.00227515 0.0011802 0.0963947 
334 0.436398 0.141831 0.0772203 0.129686 0.118776 0.0806551 0.00373261 0.00300274 0.00306505 0.00563317 
335 0.26791 0.306798 0.162609 0.0292923 0.00867804 0.00597018 0.104081 0.00373623 0.0033944 0.107531 
336 0.0526528 0.628496 0.0794548 0.107091 0.010504 0.00480598 0.00643533 0.00288517 0.00238844 0.105286 
337 0.179967 0.552601 0.0884242 0.0339594 0.0165196 0.0115537 0.00410938 0.103298 0.00337156 0.00619649 
338 0.280155 0.256226 0.184609 0.0339672 0.116512 0.0115551 0.00410407 0.00330302 0.00340548 0.106163 
339 0.0715588 0.243768 0.142693 0.513595 0.0089093 0.00494231 0.00476012 0.00244123 0.00129769 0.0060347 
340 0.367909 0.208153 0.061315 0.0292313 0.00867804 0.00597288 0.104079 0.00373626 0.0033812 0.207544 
341 0.0801689 0.460737 0.280081 0.133958 0.0165265 0.0115537 0.00410407 0.00330302 0.00337156 0.00619649 
342 0.178286 0.157766 0.08494 0.0339594 0.0208289 0.196301 0.108629 0.208826 0.00426653 0.00619649 
343 0.270745 0.182675 0.380726 0.132263 0.0135836 0.00731291 0.00350766 0.00162886 0.00162978 0.00592808 
344 0.471483 0.181935 0.0886428 0.124452 0.01348 0.00731291 0.00350766 0.00171735 0.101541 0.00592808 
345 0.280169 0.255883 0.0850005 0.136143 0.114275 0.0115538 0.00410414 0.103303 0.00337156 0.00619649 
346 0.153531 0.527553 0.0660428 0.220609 0.0104632 0.00480598 0.00643533 0.00288517 0.00238839 0.00528598 
347 0.40636 0.178049 0.274564 0.0215779 0.0111128 0.00293957 0.00172505 0.101327 0.000870967 0.00147429 
348 0.225484 0.375227 0.117361 0.231788 0.0126516 0.0153373 0.00632365 0.00221532 0.00311571 0.010496 
349 0.171775 0.389006 0.281275 0.0244574 0.01348 0.00731291 0.00350766 0.00162886 0.00166531 0.105893 
350 0.465343 0.188075 0.0886398 0.124455 0.0135349 0.107258 0.00350766 0.00162886 0.00162978 0.00592808 
351 0.17853 0.16639 0.0847135 0.527921 0.0161191 0.00873625 0.00374382 0.00283227 0.004297 0.00671741 
352 0.0526534 0.403631 0.10235 0.307532 0.0121039 0.104735 0.00643533 0.00288517 0.00238839 0.00528598 
353 0.267908 0.208334 0.259161 0.0312058 0.00867804 0.00596991 0.00408226 0.00373953 0.203368 0.00755298 
354 0.180372 0.355681 0.18494 0.0339598 0.161945 0.0661281 0.00410407 0.00330302 0.00337156 0.00619649 
355 0.171791 0.282361 0.390289 0.122069 0.0134819 0.00731291 0.00350766 0.00162886 0.00162978 0.00592808 
356 0.128505 0.354949 0.0755189 0.0215778 0.012733 0.40131 0.00173467 0.00132924 0.000868529 0.00147429 
357 0.128505 0.405274 0.224984 0.0219735 0.110927 0.10294 0.00172501 0.00132924 0.000868529 0.00147429 
358 0.25841 0.628518 0.104009 0.00502556 0.00171835 0.000136303 0.000138819 0.000993337 0.000913761 0.000136529 
359 0.186567 0.342392 0.172459 0.0392595 0.00964226 0.00663335 0.115037 0.00476106 0.00393213 0.119318 
360 0.0890771 0.39537 0.0944327 0.037782 0.129507 0.234966 0.00456365 0.00367002 0.00374617 0.00688499 
361 0.173379 0.355633 0.290296 0.0324796 0.00964226 0.00663324 0.00453584 0.00415076 0.003756 0.119494 
362 0.0795098 0.715297 0.0474382 0.0151044 0.00989919 0.00549146 0.00528903 0.00276746 0.112493 0.00671035 
363 0.0754558 0.231281 0.290309 0.143629 0.00967719 0.119429 0.11393 0.00415076 0.0037515 0.00838749 
364 0.287904 0.357673 0.0696657 0.137921 0.0115022 0.00535826 0.118243 0.00320575 0.00265377 0.00587331 
365 0.0891136 0.273625 0.105033 0.0417865 0.112222 0.137141 0.00456014 0.00367013 0.116586 0.116263 
366 0.395973 0.36094 0.180552 0.0268099 0.0115022 0.00533998 0.00715037 0.00320575 0.00265377 0.00587331 
367 0.200188 0.284315 0.109177 0.356209 0.0184127 0.0128374 0.00456008 0.00367002 0.00374617 0.00688499 
368 0.311097 0.184717 0.303835 0.0391866 0.0185518 0.123749 0.00456319 0.00367002 0.00374617 0.00688498 
369 0.402483 0.24674 0.0829689 0.0239753 0.0123476 0.00332607 0.223863 0.00169344 0.000965033 0.0016381 
370 0.0585029 0.282129 0.485703 0.0280064 0.121435 0.00534004 0.00715037 0.00320575 0.00265377 0.00587331 
371 0.0754558 0.343443 0.289299 0.14359 0.00964237 0.00663324 0.00456265 0.115235 0.00375167 0.00838749 
372 0.142783 0.728769 0.0828625 0.0239753 0.0123476 0.00326619 0.00191668 0.00147693 0.000965032 0.0016381 
